000003	0.0	0.0	-11.0	-37.969230833333334	121.90483044444446	30.6
000004	0.0	0.0	-14.6	-37.96923380555556	121.90482747222222	30.5
000005	0.0	0.0	-34.9	-37.96924280555556	121.90480941666667	30.4
000006	0.0	0.0	-31.6	-37.96925166666667	121.90481100000001	30.4
000007	0.0	0.0	-33.7	-37.969264555555554	121.90479377777778	30.6
000008	0.0	0.0	-43.3	-37.96926797222223	121.9047845	30.6
000009	0.0	0.0	-49.3	-37.96928311111111	121.90476641666667	30.6
000010	0.0	0.0	-49.4	-37.96928644444445	121.90477019444445	30.6
000011	0.0	0.0	-52.2	-37.96929925	121.90476458333333	30.6
000012	0.0	0.0	-63.7	-37.969311000000005	121.90476308333334	30.5
000013	0.0	0.0	-67.3	-37.969321972222225	121.90476333333334	30.5
000014	0.0	0.0	-69.6	-37.969326305555555	121.90476372222223	30.5
000015	0.0	0.0	-73.3	-37.969333	121.90476222222223	31.1
000016	0.0	0.0	-78.3	-37.96934072222223	121.90476391666667	31.3
000017	0.0	0.0	-81.2	-37.96934869444445	121.9047625	31.2
000018	0.0	0.0	-81.9	-37.96935205555556	121.90476230555556	31.7
000019	0.0	0.0	-92.6	-37.96937208333333	121.90476183333334	31.5
000020	0.0	0.0	-99.1	-37.96938102777778	121.90476463888889	31.5
000021	0.0	0.0	-106.4	-37.96938630555556	121.9047671388889	31.4
000022	0.0	0.0	-110.5	-37.96939316666667	121.90477305555557	31.6
000023	0.0	0.0	-112.9	-37.96939816666667	121.90477777777778	31.6
000024	0.0	0.0	-116.3	-37.96940391666667	121.9047855	31.5
000025	0.0	0.0	-126.9	-37.96941283333334	121.90479313888889	31.6
000026	0.0	0.0	-129.7	-37.96941297222222	121.90479275	33.3
000027	0.0	0.0	-133.5	-37.969417972222224	121.90480152777778	33.4
000028	0.0	0.0	-144.8	-37.96942338888889	121.90481658333334	33.5
000029	0.0	0.0	-152.0	-37.969427833333334	121.90483616666667	33.5
000030	0.0	0.0	-162.8	-37.969429194444444	121.90485369444445	33.8
000031	0.0	0.0	-171.0	-37.96943272222222	121.90487027777779	33.9
000032	0.0	0.0	-177.9	-37.96943541666667	121.90487844444445	33.8
000033	0.0	0.0	179.2	-37.969438861111115	121.9048915	33.8
000034	0.0	0.0	165.0	-37.96944144444445	121.90490930555556	33.9
000035	0.0	0.0	160.3	-37.96943536111111	121.90492130555556	33.9
000036	0.0	0.0	152.6	-37.969430583333335	121.9049316388889	33.9
000037	0.0	0.0	135.0	-37.96941463888889	121.90494547222222	34.5
000038	0.0	0.0	134.5	-37.96943277777778	121.90496561111112	34.5
000039	0.0	0.0	126.3	-37.969432250000004	121.90497405555556	34.5
000040	0.0	0.0	123.6	-37.96942244444445	121.90498197222223	34.5
000041	0.0	0.0	113.8	-37.96941338888889	121.90498961111112	34.4
000042	0.0	0.0	105.2	-37.96939927777778	121.90499305555556	34.3
000043	0.0	0.0	103.6	-37.96939233333334	121.90499666666668	34.4
000044	0.0	0.0	94.8	-37.96937725	121.9049973888889	34.4
000045	0.0	0.0	86.4	-37.96936791666667	121.90499100000001	34.5
000046	0.0	0.0	84.4	-37.969367194444445	121.90503747222223	34.6
000047	0.0	0.0	84.1	-37.96936769444444	121.90503741666667	34.6
000048	0.0	0.0	84.0	-37.96936852777778	121.90503783333334	34.6
000049	0.0	0.0	83.9	-37.96936905555556	121.9050385	34.6
000050	0.0	0.0	67.5	-37.96933225	121.90503072222222	34.5
000051	-6.3	0.0	68.9	-37.96933230555556	121.90507050000001	34.3
000052	-6.3	0.0	64.4	-37.969309083333336	121.90505561111112	34.3
000053	-6.3	0.0	54.0	-37.96929386111111	121.90503858333334	34.4
000054	-6.3	0.0	48.6	-37.969289027777776	121.90502658333334	34.3
000055	-6.3	0.0	46.2	-37.96928011111111	121.90504091666668	34.2
000056	-6.3	0.0	42.5	-37.96926713888889	121.90502694444444	34.3
000057	-6.3	0.0	34.5	-37.96925466666667	121.90500319444445	34.3
000058	-6.3	0.0	25.9	-37.96924413888889	121.90498122222223	34.4
000059	-6.3	0.0	19.2	-37.969206444444445	121.90498094444445	34.4
000060	-6.3	0.0	12.5	-37.969202833333334	121.9049578888889	34.4
000061	-6.3	0.0	7.1	-37.969202	121.90492508333334	34.5
000062	-6.3	0.0	-0.7	-37.969204500000004	121.90490591666668	34.4
000063	-6.3	0.0	-4.6	-37.96920469444444	121.90488566666667	34.4
000064	-6.3	0.0	-4.6	-37.96920691666667	121.90487763888889	34.3
000065	-6.3	0.0	-8.9	-37.96918897222223	121.90485411111112	34.0
000066	-6.3	0.0	-13.8	-37.969194305555554	121.90484061111111	34.1
000067	-6.3	0.0	-24.5	-37.96920086111111	121.90481136111111	34.2
000068	-6.3	0.0	-36.5	-37.96922066666667	121.90477033333335	34.1
000069	-6.3	0.0	-41.3	-37.96922991666667	121.90476011111112	33.9
000070	-6.3	0.0	-47.5	-37.96925502777778	121.90473161111112	34.1
000071	-6.3	0.0	-53.0	-37.96927663888889	121.90471566666668	34.1
000072	-6.3	0.0	-58.8	-37.969285694444444	121.90470397222222	34.0
000073	-6.3	0.0	-69.4	-37.969304972222226	121.90469233333334	34.0
000074	-6.3	0.0	-76.6	-37.969331805555555	121.90468158333334	33.9
000075	-6.3	0.0	-78.0	-37.9693295	121.90468266666667	33.8
000076	-6.3	0.0	-85.5	-37.96935227777778	121.90468122222222	34.0
000077	-6.3	0.0	-96.3	-37.969383972222225	121.90468186111111	34.1
000078	-6.3	0.0	-107.2	-37.96941127777778	121.90469611111112	33.9
000079	-6.3	0.0	-117.8	-37.96943941666667	121.90471194444444	34.0
000080	-6.3	0.0	-128.4	-37.969456	121.90472855555556	34.1
000081	-6.3	0.0	-141.6	-37.969481638888894	121.90476055555555	34.2
000082	-6.3	0.0	-160.2	-37.96950177777778	121.90481905555556	34.2
000083	-6.3	0.0	-170.6	-37.96950475	121.90486038888889	34.2
000084	-6.3	0.0	174.9	-37.96950502777778	121.90488808333333	34.1
000085	-6.3	0.0	165.3	-37.96950038888889	121.90491580555556	34.0
000086	-6.3	0.0	149.0	-37.96948888888889	121.90495172222222	34.1
000087	-6.3	0.0	147.2	-37.969475833333334	121.90497427777778	34.1
000088	-6.3	0.0	134.4	-37.96945652777778	121.90500686111112	34.2
000089	-6.3	0.0	120.1	-37.96944147222222	121.90502894444445	34.2
000090	-6.3	0.0	110.9	-37.96942575	121.90503947222223	34.1
000091	-6.3	0.0	99.1	-37.969402	121.90504933333334	34.1
000092	-6.3	0.0	86.8	-37.96937538888889	121.90504816666667	34.1
000093	-6.3	0.0	73.9	-37.969347472222225	121.90503711111111	34.1
000094	-6.3	0.0	65.3	-37.96932575	121.90502180555556	34.1
000095	-6.3	0.0	55.2	-37.969314833333335	121.90500922222223	34.2
000096	-6.3	0.0	52.0	-37.96931333333333	121.90500366666667	34.1
000097	-6.3	0.0	51.9	-37.96931447222222	121.905004	34.1
000098	-6.3	0.0	48.2	-37.9692985	121.90498855555556	34.1
000099	-6.3	0.0	38.0	-37.969288222222225	121.90497702777779	34.0
000100	-6.3	0.0	21.9	-37.969275861111115	121.90495319444445	33.9
000101	-6.3	0.0	18.3	-37.96927041666667	121.90493597222223	34.0
000102	-6.3	0.0	3.6	-37.96926163888889	121.90491211111112	33.8
000103	-6.3	0.0	-7.4	-37.96925630555556	121.9048751388889	34.0
000104	-6.3	0.0	-14.6	-37.96925827777778	121.9048581388889	34.0
000105	-6.3	0.0	-15.2	-37.96925763888889	121.90484772222223	27.9
000106	-6.3	0.0	-24.3	-37.96926291666667	121.90483369444445	28.0
000107	-6.3	0.0	-38.1	-37.96927627777778	121.904803	28.0
000108	-6.3	0.0	-54.5	-37.96929577777778	121.90478480555556	28.1
000109	0.0	0.0	-62.3	-37.969317555555556	121.90477130555556	27.9
000110	0.0	0.0	-70.7	-37.969327	121.90476547222222	28.1
000111	0.0	0.0	-79.7	-37.969344416666665	121.90475997222222	28.0
000112	0.0	0.0	-93.6	-37.969368333333335	121.90475816666667	28.0
000113	0.0	0.0	-109.8	-37.96939966666667	121.90475975000001	28.1
000114	0.0	0.0	-116.8	-37.96941211111111	121.90476908333333	28.1
000115	0.0	0.0	-142.2	-37.96944366666667	121.90480458333334	28.0
000116	0.0	0.0	-147.3	-37.96944477777778	121.90481322222223	28.1
000117	0.0	0.0	-155.0	-37.96945180555556	121.9048306388889	28.0
000118	0.0	0.0	-165.9	-37.96945819444445	121.9048541388889	28.1
000119	0.0	0.0	-172.7	-37.96945877777778	121.90487325000001	28.1
000120	0.0	0.0	174.6	-37.96945716666667	121.90489372222223	28.1
000121	0.0	0.0	167.1	-37.969456083333334	121.90491033333333	28.4
000122	0.0	0.0	156.7	-37.96944886111111	121.90493552777778	28.5
000123	0.0	0.0	147.7	-37.969441	121.90495202777778	28.5
000124	0.0	0.0	128.6	-37.96942522222223	121.90498169444444	28.5
000125	0.0	0.0	114.6	-37.96941186111111	121.90499436111112	28.5
000126	0.0	0.0	112.3	-37.9694	121.905006	28.5
000127	0.0	0.0	96.2	-37.96937769444445	121.90502141666667	28.5
000128	0.0	0.0	79.1	-37.96935427777778	121.90501855555556	28.4
000129	0.0	0.0	73.2	-37.96933963888889	121.90501355555556	28.4
000130	0.0	0.0	56.0	-37.96932233333334	121.90500288888889	28.4
000131	0.0	0.0	53.1	-37.969301083333335	121.90500680555556	28.4
000132	0.0	0.0	45.7	-37.96929294444445	121.90499569444445	28.4
000133	0.0	0.0	42.2	-37.96928058333334	121.90499491666667	28.4
000134	0.0	0.0	35.1	-37.96926825	121.90499277777778	28.5
000135	0.0	0.0	29.2	-37.969250083333336	121.90498669444445	28.5
000136	0.0	0.0	14.9	-37.969242694444446	121.904944	28.5
000137	0.0	0.0	5.9	-37.96923869444445	121.90491705555556	28.3
000138	0.0	0.0	-1.9	-37.96923516666667	121.90489461111112	28.2
000139	0.0	0.0	-10.8	-37.96921872222222	121.90486141666668	28.3
000140	0.0	0.0	-26.5	-37.96923208333334	121.90482255555555	28.4
000141	0.0	0.0	-16.0	-37.969234694444445	121.90482730555556	28.2
000142	0.0	0.0	-29.2	-37.96925102777778	121.90479586111111	22.4
000143	0.0	0.0	-35.2	-37.96925983333333	121.9047778888889	22.4
000144	0.0	0.0	-44.4	-37.96927416666667	121.90475555555557	22.4
000145	0.0	0.0	-55.8	-37.96928975	121.90473711111112	22.4
000146	0.0	0.0	-65.3	-37.96930702777778	121.904718	22.5
000147	0.0	0.0	-75.6	-37.969338111111114	121.90470233333333	22.4
000148	0.0	0.0	-82.4	-37.96935666666667	121.90470205555556	22.5
000149	0.0	0.0	-96.8	-37.969380722222226	121.90470263888889	22.4
000150	0.0	0.0	-104.9	-37.96940741666667	121.90471027777778	22.3
000151	0.0	0.0	-113.0	-37.96942927777778	121.9047221388889	22.2
000152	0.0	0.0	-122.3	-37.969450305555554	121.90473961111111	22.2
000153	0.0	0.0	-148.4	-37.96949130555556	121.9047976388889	22.4
000154	0.0	0.0	-157.9	-37.96950025	121.90482105555556	22.3
000155	0.0	0.0	-165.6	-37.969504972222225	121.90484913888889	22.3
000156	0.0	0.0	-178.2	-37.969509333333335	121.90487833333334	22.3
000157	0.0	0.0	175.7	-37.96952269444444	121.90490975	22.0
000158	0.0	0.0	162.1	-37.969533472222224	121.90494638888889	22.0
000159	0.0	0.0	147.4	-37.969531333333336	121.90500475	21.9
000160	0.0	0.0	138.9	-37.96950566666667	121.90502547222223	21.9
000161	0.0	0.0	132.7	-37.96949352777778	121.90504494444446	21.9
000162	0.0	0.0	120.9	-37.96946422222222	121.90507786111111	21.9
000163	0.0	0.0	112.5	-37.96944066666667	121.90509216666668	21.9
000164	0.0	0.0	111.5	-37.96943563888889	121.9050935	21.9
000165	0.0	0.0	113.0	-37.96943547222222	121.90509330555557	22.0
000166	0.0	0.0	101.6	-37.969413555555555	121.90510263888889	21.9
000167	0.0	0.0	83.8	-37.969366111111114	121.90510955555555	21.6
000168	0.0	0.0	71.1	-37.969326555555554	121.90510219444445	21.4
000169	0.0	0.0	59.5	-37.969278583333335	121.90510725	21.2
000170	0.0	0.0	45.7	-37.96924777777778	121.90508327777778	21.2
000171	0.0	0.0	40.2	-37.96922430555556	121.90506008333334	21.2
000172	0.0	0.0	30.4	-37.96920866666667	121.9050285	21.3
000173	0.0	0.0	24.0	-37.969189472222226	121.90501333333334	21.2
000174	0.0	0.0	18.8	-37.969181694444444	121.9049931388889	21.1
000175	0.0	0.0	15.3	-37.969174055555555	121.90496744444445	21.2
000176	0.0	0.0	7.6	-37.96916355555556	121.90492005555556	21.2
000177	0.0	0.0	-6.2	-37.96916177777778	121.90488822222223	21.3
000178	0.0	0.0	-14.0	-37.969169083333334	121.90482486111112	21.2
000179	0.0	0.0	-20.4	-37.96918908333333	121.90477444444446	21.1
000180	0.0	0.0	-29.3	-37.96921530555556	121.90477102777778	15.8
000181	0.0	0.0	-40.4	-37.96923836111111	121.90473525	15.8
000182	0.0	0.0	-39.7	-37.969239055555555	121.90473311111111	15.8
000183	0.0	0.0	-47.3	-37.96924955555556	121.90470836111112	15.9
000184	0.0	0.0	-54.6	-37.96926005555556	121.9046955	16.0
000185	0.0	0.0	-63.7	-37.96930038888889	121.90467455555556	15.8
000186	0.0	0.0	-66.6	-37.96930277777778	121.90467272222223	15.8
000187	0.0	0.0	-81.3	-37.96934433333333	121.90465686111112	15.8
000188	0.0	0.0	-85.3	-37.969364250000005	121.90465505555557	15.9
000189	0.0	0.0	-91.3	-37.969385555555554	121.90465083333333	15.8
000190	0.0	0.0	-94.0	-37.96938527777778	121.90464980555556	15.8
000191	0.0	0.0	-93.9	-37.96938416666667	121.90465125	15.8
000192	0.0	0.0	-105.8	-37.969409472222225	121.90465602777779	15.7
000193	0.0	0.0	-113.1	-37.96944444444445	121.9046711388889	15.7
000194	0.0	0.0	-129.2	-37.969484111111115	121.90469736111112	15.6
000195	0.0	0.0	-141.2	-37.969511555555556	121.90473180555556	15.7
000196	0.0	0.0	-152.4	-37.969534055555556	121.90476877777779	15.8
000197	0.0	0.0	-159.4	-37.96954755555556	121.90480891666667	15.8
000198	0.0	0.0	-169.5	-37.96955363888889	121.9048375	15.9
000199	0.0	0.0	178.1	-37.96955636111111	121.90488602777778	15.9
000200	0.0	0.0	158.0	-37.969555	121.90490663888889	15.9
000201	0.0	0.0	176.8	-37.969554333333335	121.90490719444445	15.8
000202	0.0	0.0	-179.4	-37.96955475	121.90490711111111	15.9
000203	0.0	0.0	171.4	-37.969557083333335	121.90492883333334	15.9
000204	0.0	0.0	154.2	-37.969548083333336	121.9049773888889	15.9
000205	0.0	0.0	147.0	-37.969526111111115	121.90502602777778	15.8
000206	0.0	0.0	130.6	-37.969502722222224	121.90506466666668	15.8
000207	0.0	0.0	124.7	-37.969485722222224	121.90508072222222	15.9
000208	0.0	0.0	110.5	-37.969447555555554	121.90511380555556	15.9
000209	0.0	0.0	99.2	-37.96941536111111	121.90512600000001	16.0
000210	0.0	0.0	83.7	-37.969363111111115	121.90512991666667	15.8
000211	0.0	0.0	73.0	-37.969316944444444	121.90511755555556	15.9
000212	0.0	0.0	54.8	-37.969261333333336	121.90508280555557	15.9
000213	0.0	0.0	35.9	-37.96923255555556	121.90503266666667	15.9
000214	0.0	0.0	16.2	-37.96920986111111	121.90496666666667	15.9
000215	0.0	0.0	5.2	-37.969202083333336	121.90491638888889	15.8
000216	0.0	0.0	1.7	-37.96920202777778	121.90489202777778	15.7
000217	0.0	0.0	-9.8	-37.96920613888889	121.90485769444444	15.9
000218	0.0	0.0	-9.2	-37.96920991666667	121.90482925	15.9
000219	0.0	0.0	-14.1	-37.96920991666667	121.90482088888889	15.8
000220	0.0	0.0	-29.2	-37.969226444444445	121.90477188888889	15.8
000221	0.0	0.0	-41.5	-37.969251944444444	121.90472613888889	15.8
000222	0.0	0.0	-19.1	-37.969207805555556	121.90480925	3.9
000223	0.0	0.0	-20.1	-37.969206694444445	121.90479133333334	3.9
000224	0.0	0.0	-25.1	-37.96920405555556	121.90476783333334	3.9
000225	0.0	0.0	-27.1	-37.96920611111111	121.90474308333334	5.1
000226	0.0	0.0	-37.4	-37.96921902777778	121.90470980555556	5.6
000227	0.0	0.0	-48.8	-37.969231972222225	121.90467169444445	6.2
000228	0.0	0.0	-55.4	-37.96925263888889	121.90464758333334	6.3
000229	0.0	0.0	-66.2	-37.969287055555554	121.90461847222223	6.5
000230	0.0	0.0	-77.6	-37.9693285	121.90458722222223	6.6
000231	0.0	0.0	-87.5	-37.96935005555556	121.90457405555556	6.6
000232	0.0	0.0	-98.3	-37.96938519444445	121.90456319444445	6.6
000233	0.0	0.0	-95.8	-37.969373583333336	121.90461272222223	6.6
000234	0.0	0.0	-101.3	-37.969415472222224	121.90460836111112	6.7
000235	0.0	0.0	-110.5	-37.96943111111111	121.90462497222222	6.7
000236	0.0	0.0	-114.3	-37.969447611111114	121.90462550000001	6.7
000237	0.0	0.0	-119.3	-37.96946619444444	121.90462811111112	6.7
000238	0.0	0.0	-124.5	-37.96948727777778	121.90463841666667	6.7
000239	0.0	0.0	-132.8	-37.96950566666667	121.90466377777778	6.7
000240	0.0	0.0	-141.2	-37.96952433333333	121.90468291666667	6.7
000241	0.0	0.0	-143.2	-37.969537305555555	121.90469775000001	6.7
000242	0.0	0.0	-148.7	-37.969545583333336	121.90470777777779	6.7
000243	0.0	0.0	-158.7	-37.96956047222223	121.90474219444445	6.7
000244	0.0	0.0	-161.6	-37.96956625	121.90476825	6.7
000245	0.0	0.0	-165.5	-37.96956730555556	121.90477833333334	6.7
000246	0.0	0.0	-167.7	-37.96956708333334	121.90477683333334	6.7
000247	0.0	0.0	-167.7	-37.96956633333333	121.90477680555556	6.7
000248	0.0	0.0	-173.6	-37.969572722222225	121.9048076388889	6.7
000249	0.0	0.0	175.7	-37.969577361111114	121.90483850000001	6.7
000250	0.0	0.0	172.6	-37.96957483333333	121.90485277777778	6.7
000251	0.0	0.0	170.3	-37.969573833333335	121.90487397222223	6.7
000252	0.0	0.0	172.2	-37.96957263888889	121.90487833333334	6.7
000253	0.0	0.0	165.2	-37.96957213888889	121.90490977777779	6.7
000254	0.0	0.0	153.2	-37.969565111111116	121.90493686111111	6.7
000255	0.0	0.0	151.7	-37.969543305555554	121.90496269444445	6.7
000256	0.0	0.0	141.3	-37.96952813888889	121.9049973888889	6.6
000257	0.0	0.0	141.4	-37.96951825	121.90499408333334	6.7
000258	0.0	0.0	133.2	-37.96950477777778	121.90499977777779	6.9
000259	0.0	0.0	131.8	-37.96949538888889	121.90500872222223	6.8
000260	0.0	0.0	127.8	-37.96948869444444	121.90501466666667	6.8
000261	0.0	0.0	130.1	-37.969484944444446	121.90501886111112	6.1
000262	0.0	0.0	121.3	-37.96947733333334	121.90502805555556	5.8
000263	0.0	0.0	123.7	-37.96947241666667	121.905032	5.8
000264	0.0	0.0	118.1	-37.96946766666667	121.90504202777778	5.7
000265	0.0	0.0	112.1	-37.969446472222224	121.90505922222223	5.7
000266	0.0	0.0	111.3	-37.96943272222222	121.90504561111112	5.7
000267	0.0	0.0	98.2	-37.96940080555556	121.90505011111112	5.7
000268	0.0	0.0	88.9	-37.96937513888889	121.90505605555556	5.6
000269	0.0	0.0	80.5	-37.96935880555556	121.90505083333333	5.6
000270	0.0	0.0	78.0	-37.96935033333334	121.90504766666668	5.6
000271	0.0	0.0	88.4	-37.96934866666667	121.90504391666667	5.6
000272	0.0	0.0	82.2	-37.96933394444444	121.90504733333334	5.6
000273	0.0	0.0	76.0	-37.96931847222223	121.90504016666667	5.6
000274	0.0	0.0	69.7	-37.96930363888889	121.90503488888889	5.6
000275	0.0	0.0	67.3	-37.96929744444444	121.90502947222222	5.5
000276	0.0	0.0	70.0	-37.969302472222225	121.90501722222223	5.5
000277	0.0	0.0	61.1	-37.96929186111111	121.90500852777778	5.4
000278	0.0	0.0	63.5	-37.969285722222224	121.905	5.4
000279	0.0	0.0	66.0	-37.96928625	121.90500091666667	5.4
000280	0.0	0.0	51.5	-37.96927566666667	121.90499025000001	5.3
000281	0.0	0.0	50.5	-37.96926205555556	121.90498147222223	5.3
000282	0.0	0.0	43.3	-37.96924863888889	121.90497052777778	5.3
000283	0.0	0.0	40.1	-37.969240444444445	121.9049593888889	5.3
000284	0.0	0.0	28.8	-37.96922638888889	121.90493675	5.3
000285	0.0	0.0	18.8	-37.96921591666667	121.90490441666667	5.3
000286	0.0	0.0	11.5	-37.96921252777778	121.90487969444445	5.3
000287	0.0	0.0	10.3	-37.969212166666665	121.90487922222223	5.3
000288	0.0	0.0	4.6	-37.96921266666667	121.90485030555556	5.3
000289	0.0	0.0	-5.8	-37.96921588888889	121.90483527777778	5.3
000290	0.0	0.0	4.9	-37.969215750000004	121.90483422222223	5.3
000291	0.0	0.0	7.4	-37.969216305555555	121.90481772222223	5.3
000292	0.0	0.0	-3.7	-37.96922011111111	121.90480383333333	5.3
000293	-30.3	0.0	-17.6	-37.969041833333335	121.90470377777778	46.5
000294	-30.3	0.0	-24.2	-37.969053361111115	121.90467294444446	46.6
000295	-30.3	0.0	-29.6	-37.96906361111111	121.90464711111112	46.6
000296	-30.3	0.0	-36.1	-37.969080472222224	121.90461222222223	46.6
000297	-30.3	0.0	-40.4	-37.96911225	121.90456602777779	46.5
000298	-30.3	0.0	-52.3	-37.96915061111111	121.90449125	46.5
000299	-30.3	0.0	-56.3	-37.969174305555555	121.90446961111111	46.5
000300	-30.3	0.0	-63.7	-37.969212500000005	121.90444447222222	46.5
000301	-30.3	0.0	-69.2	-37.96924819444445	121.90443008333334	46.4
000302	-30.3	0.0	-76.2	-37.969288750000004	121.90441527777779	46.5
000303	-30.3	0.0	-78.3	-37.96929541666667	121.90441402777779	46.4
000304	-30.3	0.0	-79.1	-37.96929547222222	121.90441366666667	46.4
000305	-30.3	0.0	-89.3	-37.96934988888889	121.90440569444445	46.4
000306	-30.3	0.0	-98.1	-37.9694	121.9044068888889	46.4
000307	-30.3	0.0	-108.5	-37.969463250000004	121.90442797222222	46.4
000308	-30.3	0.0	-115.5	-37.96951611111111	121.90445569444445	46.4
000309	-30.3	0.0	-124.5	-37.96956441666667	121.90449205555556	46.4
000310	-30.3	0.0	-134.4	-37.969595777777776	121.90452330555556	46.5
000311	-30.3	0.0	-138.7	-37.96962163888889	121.9045596388889	46.5
000312	-30.3	0.0	-148.8	-37.96965436111111	121.90461344444445	46.5
000313	-30.3	0.0	-162.6	-37.969685	121.90468261111111	46.4
000314	-30.3	0.0	-166.1	-37.96970372222222	121.90475202777779	46.5
000315	-30.3	0.0	-174.7	-37.96971286111111	121.9047948888889	46.5
000316	-30.3	0.0	-178.9	-37.969712333333334	121.90483969444445	46.3
000317	-30.3	0.0	171.7	-37.96970783333334	121.90487661111112	46.1
000318	-30.3	0.0	168.5	-37.96970616666667	121.90492827777778	46.0
000319	-30.3	0.0	157.7	-37.969694555555556	121.90497911111112	45.7
000320	-30.3	0.0	151.5	-37.969675638888894	121.90502888888889	45.5
000321	-30.3	0.0	146.7	-37.96966291666667	121.90505747222223	45.3
000322	-30.3	0.0	140.2	-37.96965347222223	121.90507436111112	45.2
000323	-30.3	0.0	137.9	-37.969634444444445	121.9051071388889	45.2
000324	-30.3	0.0	137.9	-37.96962830555556	121.90511925000001	45.3
000325	-30.3	0.0	132.3	-37.969604805555555	121.90515	45.2
000326	-30.3	0.0	123.5	-37.969568305555555	121.90518741666668	45.2
000327	-30.3	0.0	115.1	-37.96952863888889	121.90521430555556	45.3
000328	-30.3	0.0	109.1	-37.969496	121.90524075	45.3
000329	-30.3	0.0	100.8	-37.96945522222222	121.90525527777778	45.2
000330	-30.3	0.0	95.4	-37.96942405555556	121.90526636111112	45.3
000331	-30.3	0.0	92.9	-37.96941088888889	121.90526744444445	45.3
000332	-30.3	0.0	90.0	-37.969396305555556	121.90526741666667	45.3
000333	-30.3	0.0	85.7	-37.96936863888889	121.90526527777779	45.1
000334	-30.3	0.0	77.5	-37.96933116666667	121.90526255555557	45.0
000335	-30.3	0.0	73.4	-37.96928622222222	121.90525197222223	44.9
000336	-30.3	0.0	64.0	-37.969244055555556	121.90523630555556	44.9
000337	-30.3	0.0	55.0	-37.96921475	121.90521136111111	44.9
000338	-30.3	0.0	48.0	-37.96918055555556	121.90517822222223	44.8
000339	-30.3	0.0	40.5	-37.96915225	121.90514419444445	44.8
000340	-30.3	0.0	29.9	-37.96912938888889	121.90509980555557	44.8
000341	-30.3	0.0	26.5	-37.96907797222222	121.90502697222223	44.7
000342	-30.3	0.0	17.0	-37.969064083333336	121.90499013888889	44.7
000343	-30.3	0.0	6.0	-37.969057722222225	121.90493686111111	44.7
000344	-30.3	0.0	-1.3	-37.96904575	121.90485416666667	44.6
000345	-30.3	0.0	-10.2	-37.96902869444445	121.90478744444445	45.3
000346	-30.3	0.0	-21.5	-37.96904152777778	121.90473283333334	45.4
000347	-30.3	0.0	-27.5	-37.9690585	121.90468013888889	45.4
000348	-30.3	0.0	-34.6	-37.96908691666667	121.90462402777779	45.5
000349	-30.3	0.0	-45.3	-37.96913166666667	121.90455947222223	45.4
000350	-90.0	0.0	-58.8	-37.96935838888889	121.90488969444445	61.3
000351	-89.9	0.0	-47.3	-37.96935880555556	121.90488697222223	65.2
000352	-89.9	0.0	-34.0	-37.96935905555556	121.90488694444446	69.2
000353	-89.9	0.0	-25.5	-37.96936775	121.90488383333334	48.8
000354	-89.9	0.0	-25.5	-37.96937833333334	121.90489519444445	48.8
000355	-89.9	0.0	-25.4	-37.969378444444445	121.90489377777779	48.8
000356	-89.9	0.0	-112.4	-37.96935858333334	121.90489144444444	48.2
000357	-64.8	0.0	-130.9	-37.96937913888889	121.90484922222223	48.0
000358	-64.8	0.0	-137.1	-37.96938433333334	121.90485536111112	47.9
000359	-64.8	0.0	-149.5	-37.96939613888889	121.90487027777779	47.9
000360	-64.8	0.0	-152.7	-37.96939758333333	121.90487216666668	47.8
000361	-64.8	0.0	-152.8	-37.969398250000005	121.90487233333334	47.7
000362	-64.8	0.0	-163.8	-37.969400444444446	121.90488233333333	47.9
000363	-64.8	0.0	170.8	-37.96940411111111	121.90489736111111	47.9
000364	-64.8	0.0	154.0	-37.96940036111111	121.90491827777778	48.1
000365	-64.8	0.0	131.2	-37.96939022222222	121.90493933333335	48.2
000366	-64.8	0.0	117.8	-37.96937863888889	121.90494916666667	48.1
000367	-64.8	0.0	100.8	-37.96936777777778	121.90495772222222	48.3
000368	-64.8	0.0	83.9	-37.96935088888889	121.90496383333334	48.3
000369	-64.8	0.0	77.0	-37.96934127777778	121.90496080555556	48.3
000370	-64.8	0.0	70.2	-37.96933655555556	121.90496011111112	48.3
000371	-64.8	0.0	67.4	-37.96933247222223	121.90495869444445	48.3
000372	-64.8	0.0	67.6	-37.969331833333335	121.90495713888889	48.3
000373	-64.8	0.0	54.7	-37.969322444444444	121.90495052777779	48.3
000374	-64.8	0.0	40.5	-37.969324472222226	121.90493477777778	47.9
000375	-64.8	0.0	32.4	-37.96931702777778	121.9049255	47.9
000376	-64.8	0.0	20.6	-37.96931144444444	121.90491325	47.9
000377	-64.8	0.0	17.0	-37.96931077777778	121.90491227777778	47.9
000378	-64.8	0.0	3.7	-37.96930577777778	121.90489930555556	48.3
000379	-64.8	0.0	-9.9	-37.96930427777778	121.90488255555556	48.4
000380	-37.9	0.0	-13.5	-37.96931966666667	121.90487483333334	42.8
000381	-37.9	0.0	-20.2	-37.969320333333336	121.90486755555555	43.0
000382	-37.9	0.0	-24.8	-37.969320083333336	121.90486730555556	43.0
000383	-37.9	0.0	-24.8	-37.96932097222222	121.90486852777778	43.1
000384	-37.9	0.0	-36.0	-37.969326333333335	121.90485672222223	43.1
000385	-37.9	0.0	-56.3	-37.96933680555556	121.9048453888889	43.1
000386	-37.9	0.0	-61.5	-37.969338111111114	121.90484452777778	43.0
000387	-37.9	0.0	-61.4	-37.96933769444445	121.90484450000001	42.9
000388	-37.9	0.0	-76.3	-37.96935066666667	121.90483694444445	42.9
000389	-37.9	0.0	-105.0	-37.96936794444445	121.9048375	42.9
000390	-37.9	0.0	-118.2	-37.96937813888889	121.90484111111111	42.8
000391	-37.9	0.0	-134.4	-37.96938933333333	121.90485083333334	42.6
000392	-37.9	0.0	-148.7	-37.969396	121.90486169444445	42.5
000393	-37.9	0.0	-164.3	-37.96940294444445	121.9048768888889	42.7
000394	-37.9	0.0	-179.6	-37.969403416666665	121.90488686111112	42.7
000395	-37.9	0.0	168.0	-37.96940172222222	121.90490416666667	42.7
000396	-37.9	0.0	151.1	-37.96939813888889	121.90491891666667	42.7
000397	-37.9	0.0	134.6	-37.96939344444445	121.90493633333334	42.8
000398	-37.9	0.0	120.7	-37.969388638888894	121.90494311111112	42.8
000399	-37.9	0.0	104.5	-37.969377111111115	121.90495066666668	42.7
000400	-37.9	0.0	93.3	-37.969367472222224	121.90495036111112	42.8
000401	-37.9	0.0	77.2	-37.96935469444445	121.90494947222223	42.7
000402	-37.9	0.0	60.8	-37.96934180555556	121.9049443888889	42.6
000403	-37.9	0.0	39.2	-37.969333444444445	121.90493002777778	42.5
000404	-37.9	0.0	24.8	-37.96932763888889	121.90491694444445	42.3
000405	-37.9	0.0	7.8	-37.969324444444446	121.90490230555557	42.2
000406	-37.9	0.0	-9.5	-37.96932402777778	121.90489022222222	42.2
000407	-37.9	0.0	-12.5	-37.96932366666667	121.90488913888889	42.1
000408	-37.9	0.0	-12.5	-37.96932280555556	121.90488775	42.1
000409	-37.9	0.0	-23.2	-37.96932544444444	121.90487661111112	42.1
000410	-37.9	0.0	-26.4	-37.96932575	121.90487611111112	42.1
000411	-37.9	0.0	-57.7	-37.96933605555556	121.90485886111112	42.1
000412	-37.9	0.0	-63.9	-37.96934522222222	121.90483669444446	38.7
000413	-37.9	0.0	-85.5	-37.96936052777778	121.90482891666667	38.8
000414	-37.9	0.0	-99.3	-37.96937977777778	121.90482247222222	38.9
000415	-37.9	0.0	-117.4	-37.969397083333334	121.90482675000001	38.9
000416	-37.9	0.0	-131.1	-37.96940930555556	121.9048365	38.9
000417	-37.9	0.0	-135.3	-37.96941005555556	121.90483722222223	38.8
000418	-37.9	0.0	-135.4	-37.96940952777778	121.90483808333335	38.8
000419	-37.9	0.0	-147.1	-37.96941861111112	121.90485158333334	38.9
000420	-37.9	0.0	-171.6	-37.969428083333334	121.90487525	38.9
000421	-37.9	0.0	179.9	-37.96942397222222	121.9048926388889	39.0
000422	-37.9	0.0	169.5	-37.96942172222222	121.9049096388889	38.9
000423	-37.9	0.0	159.3	-37.9694145	121.90492641666667	38.9
000424	-37.9	0.0	154.0	-37.96941372222222	121.90492805555556	38.9
000425	-37.9	0.0	153.8	-37.96941338888889	121.90492913888889	39.0
000426	-37.9	0.0	154.1	-37.969414	121.90492872222222	39.0
000427	-37.9	0.0	147.7	-37.969408388888894	121.90494205555557	38.8
000428	-37.9	0.0	121.9	-37.96939719444445	121.90495763888889	38.8
000429	-37.9	0.0	113.8	-37.96938391666667	121.90496258333334	38.7
000430	-37.9	0.0	98.7	-37.969374361111115	121.90496619444446	38.6
000431	-37.9	0.0	86.1	-37.96935941666667	121.90496763888889	38.6
000432	-37.9	0.0	72.9	-37.969348333333336	121.90496580555556	38.7
000433	-37.9	0.0	59.9	-37.969335694444446	121.90495841666667	38.5
000434	-37.9	0.0	62.9	-37.969332944444446	121.90496652777779	38.5
000435	-37.9	0.0	56.8	-37.96932602777778	121.90496030555556	38.4
000436	-37.9	0.0	45.9	-37.96931877777778	121.90494875	38.4
000437	-37.9	0.0	33.4	-37.969309333333335	121.90493316666667	38.5
000438	-37.9	0.0	23.2	-37.96930202777778	121.90491605555556	38.5
000439	-37.9	0.0	5.7	-37.969297833333336	121.90490172222223	38.5
000440	-37.9	0.0	1.6	-37.96929897222223	121.90490186111111	38.5
000441	-37.9	0.0	-10.4	-37.9692985	121.90488619444444	38.6
000442	-37.9	0.0	-9.8	-37.969297861111116	121.90488530555557	38.6
000443	-37.9	0.0	-17.9	-37.96929958333334	121.90486497222223	38.6
000444	-37.9	0.0	-36.5	-37.96930513888889	121.90484219444446	38.6
000445	-37.9	0.0	-48.4	-37.96932011111112	121.90482552777779	38.6
000446	-43.5	0.0	-36.7	-37.96931497222222	121.90485613888889	19.2
000447	-43.6	0.0	-37.8	-37.969310416666666	121.90483877777778	19.6
000448	-43.6	0.0	-49.2	-37.96932261111111	121.90482616666667	20.4
000449	-43.6	0.0	-65.1	-37.96933544444445	121.90481152777778	20.8
000450	-43.6	0.0	-72.3	-37.96935311111111	121.90482447222223	21.0
000451	-43.6	0.0	-78.5	-37.96935811111111	121.90481191666667	21.2
000452	-43.5	0.0	-85.2	-37.96936219444444	121.90480577777778	21.4
000453	-43.6	0.0	-103.0	-37.96938186111111	121.90479263888889	21.4
000454	-43.6	0.0	-122.7	-37.96938988888889	121.90483791666668	21.4
000455	-43.6	0.0	-145.9	-37.969413333333335	121.90485383333333	21.4
000456	-43.6	0.0	-166.1	-37.96942725	121.90488302777779	21.5
000457	-43.6	0.0	-179.6	-37.969434472222225	121.90489319444445	21.5
000458	-43.6	0.0	177.2	-37.96942141666667	121.90489558333334	21.5
000459	-43.6	0.0	165.5	-37.96942902777778	121.90492008333334	21.5
000460	-43.5	0.0	161.8	-37.96943397222223	121.90492386111112	21.5
000461	-43.6	0.0	161.7	-37.96943686111111	121.90492594444444	21.5
000462	-43.5	0.0	148.8	-37.969435861111116	121.90495252777778	21.6
000463	-43.6	0.0	143.3	-37.96943425	121.90495452777779	21.6
000464	-43.6	0.0	142.1	-37.96943327777778	121.90496958333334	21.7
000465	-43.6	0.0	127.0	-37.969423166666665	121.90498919444445	21.7
000466	-43.6	0.0	122.7	-37.96940475	121.90496277777778	21.8
000467	-43.6	0.0	108.8	-37.96938925	121.90497	22.7
000468	-43.5	0.0	93.9	-37.96937591666667	121.9049821388889	22.7
000469	-43.6	0.0	89.2	-37.96937486111111	121.90498858333333	22.9
000470	-43.6	0.0	89.2	-37.969374361111115	121.90497702777779	22.9
000471	-43.6	0.0	89.3	-37.96937366666667	121.9049808888889	22.9
000472	-43.6	0.0	89.3	-37.96937258333333	121.9049825	22.9
000473	-43.5	0.0	89.2	-37.969371111111116	121.90498591666667	22.8
000474	-43.5	0.0	73.5	-37.96935055555556	121.90498736111111	22.7
000475	-43.6	0.0	60.5	-37.96932983333333	121.9049871388889	22.6
000476	-43.6	0.0	42.6	-37.96930588888889	121.90497069444444	22.6
000477	-43.5	0.0	22.6	-37.96932011111112	121.90492472222223	22.7
000478	-43.5	0.0	11.3	-37.96931311111111	121.90491191666668	22.8
000479	-43.6	0.0	-0.2	-37.96930580555556	121.90489275	22.8
000480	-43.6	0.0	-2.6	-37.969301305555554	121.9048916388889	22.8
000481	-43.6	0.0	-8.9	-37.96930097222222	121.90487483333334	22.8
000482	-43.6	0.0	-22.9	-37.96930175	121.90485066666668	22.8
000483	-43.6	0.0	-41.6	-37.969316	121.90482169444445	22.8
000484	-43.6	0.0	-56.5	-37.969327	121.90480388888889	22.8
000485	-43.6	0.0	-58.8	-37.96932786111111	121.90479794444445	19.6
000486	-43.6	0.0	-71.8	-37.969335666666666	121.90479041666667	19.6
000487	-43.6	0.0	-76.2	-37.96935205555556	121.90482394444444	19.5
000488	-43.6	0.0	-101.7	-37.96937505555556	121.90481211111111	19.6
000489	-43.5	0.0	-113.8	-37.96939291666667	121.90480980555556	19.6
000490	-43.5	0.0	-122.3	-37.9694055	121.90480908333333	19.6
000491	-43.6	0.0	-130.6	-37.969421000000004	121.90481780555557	19.8
000492	-43.6	0.0	-146.8	-37.96942111111111	121.90484644444444	19.7
000493	-43.6	0.0	-164.7	-37.969434472222225	121.90487016666667	19.8
000494	-43.6	0.0	-175.2	-37.969447305555555	121.90488519444445	19.8
000495	-43.6	0.0	165.1	-37.969425722222226	121.90491444444444	19.7
000496	-43.6	0.0	137.3	-37.96941527777778	121.90495486111112	19.7
000497	-43.5	0.0	122.3	-37.96940083333334	121.90498019444445	19.8
000498	-43.6	0.0	102.4	-37.96937336111111	121.9049941388889	19.7
000499	-43.6	0.0	76.3	-37.969343611111114	121.90500580555556	19.7
000500	-43.6	0.0	71.1	-37.96935591666667	121.90496058333333	19.8
000501	-43.5	0.0	67.3	-37.96933936111111	121.90495997222223	19.8
000502	-43.6	0.0	51.8	-37.96932627777778	121.90495311111111	19.7
000503	-43.6	0.0	34.8	-37.96930669444445	121.90493797222223	19.6
000504	-43.6	0.0	14.4	-37.969292611111115	121.90492372222222	19.7
000505	-43.5	0.0	-13.4	-37.969288222222225	121.90488288888889	19.8
000506	-43.6	0.0	-37.0	-37.96931713888889	121.90484286111112	19.7
000507	-43.6	0.0	-57.7	-37.969329916666666	121.90481286111111	19.7
000508	-43.5	0.0	-55.0	-37.96933119444444	121.90481088888889	15.4
000509	-43.6	0.0	-81.3	-37.96934486111111	121.9048033888889	15.5
000510	-43.6	0.0	-91.2	-37.96936702777778	121.90481483333333	15.8
000511	-43.5	0.0	-112.4	-37.969380972222226	121.90481505555556	15.9
000512	-43.6	0.0	-132.5	-37.9694	121.90481916666667	15.7
000513	-43.6	0.0	-153.0	-37.96942091666667	121.90483625	16.0
000514	-43.5	0.0	-164.1	-37.96943158333333	121.90486355555556	16.0
000515	-43.6	0.0	-177.8	-37.96943575	121.90488836111112	16.1
000516	-43.6	0.0	164.9	-37.96942497222222	121.90491775000001	16.1
000517	-43.6	0.0	144.9	-37.969421833333335	121.90494666666667	16.2
000518	-43.6	0.0	124.9	-37.96939897222222	121.90496458333334	16.3
000519	-43.6	0.0	110.3	-37.969379805555555	121.90498811111112	16.2
000520	-43.6	0.0	91.5	-37.969369416666666	121.90498527777778	16.3
000521	-43.6	0.0	84.6	-37.969357611111114	121.9049868888889	16.3
000522	-43.6	0.0	70.5	-37.96934125	121.90496108333333	16.2
000523	-43.6	0.0	54.9	-37.96933272222223	121.90495991666667	16.2
000524	-43.5	0.0	52.1	-37.96932588888889	121.90495872222223	16.2
000525	-43.5	0.0	52.2	-37.96932425	121.90495819444445	16.2
000526	-43.6	0.0	37.3	-37.96930730555556	121.90494086111111	16.1
000527	-43.6	0.0	19.6	-37.96928911111111	121.904914	16.2
000528	-43.6	0.0	-5.6	-37.96928413888889	121.90488805555556	16.2
000529	-43.6	0.0	-6.3	-37.96929572222223	121.90488083333334	16.3
000530	-43.5	0.0	-24.3	-37.96929427777778	121.9048576388889	16.3
000531	-43.6	0.0	-41.1	-37.96930227777778	121.90482169444445	16.5
000532	-43.5	0.0	-64.1	-37.96932486111111	121.90479966666668	16.8
000533	-43.6	0.0	-56.5	-37.96932455555556	121.90479783333333	11.4
000534	-43.6	0.0	-77.2	-37.96935013888889	121.90478166666668	11.5
000535	-43.6	0.0	-80.3	-37.96935630555556	121.90482066666667	11.5
000536	-43.6	0.0	-103.9	-37.969378222222225	121.90482091666668	11.5
000537	-43.6	0.0	-118.8	-37.96939127777778	121.90482844444445	11.4
000538	-43.6	0.0	-122.5	-37.969391333333334	121.90483033333334	11.4
000539	-43.6	0.0	-139.8	-37.969403	121.90484950000001	11.4
000540	-43.6	0.0	-159.7	-37.969411083333334	121.9048678888889	11.3
000541	-43.5	0.0	-169.6	-37.96941536111111	121.90488136111112	11.3
000542	-43.6	0.0	-172.8	-37.96941727777778	121.90488327777778	11.3
000543	-43.5	0.0	164.5	-37.96941652777778	121.9049136388889	11.3
000544	-43.6	0.0	155.3	-37.969414083333334	121.90493886111112	11.4
000545	-43.6	0.0	133.5	-37.96940905555556	121.90495322222223	11.5
000546	-43.6	0.0	122.8	-37.96939452777778	121.90496747222222	11.6
000547	-43.5	0.0	102.7	-37.96937777777778	121.90498000000001	11.6
000548	-43.6	0.0	84.5	-37.96935863888889	121.90498433333335	11.7
000549	-43.6	0.0	63.2	-37.96933577777778	121.90498258333334	11.7
000550	-43.5	0.0	54.6	-37.96932286111111	121.90497130555556	11.6
000551	-43.6	0.0	33.4	-37.96930811111111	121.90495575	11.6
000552	-43.5	0.0	20.9	-37.96929813888889	121.90493575	11.6
000553	-43.5	0.0	11.4	-37.96929955555556	121.90491602777779	11.6
000554	-43.6	0.0	-5.3	-37.96929738888889	121.90488819444445	11.1
000555	-43.5	0.0	-21.9	-37.96929983333334	121.90487225000001	10.9
000556	-43.6	0.0	-33.7	-37.969306055555556	121.90485675000001	10.9
000557	-43.5	0.0	-36.7	-37.969305722222224	121.90485644444445	10.9
000558	-43.6	0.0	-38.5	-37.96931497222222	121.9048458888889	10.9
000559	-43.6	0.0	-66.6	-37.96932894444445	121.90483941666668	10.4
000560	-43.6	0.0	-44.2	-37.96932805555556	121.90483747222223	7.1
000561	-43.6	0.0	-72.9	-37.969349972222226	121.90482472222223	7.2
000562	-43.5	0.0	-92.0	-37.969370000000005	121.90482311111111	7.3
000563	-43.6	0.0	-113.0	-37.96938441666667	121.90482536111112	7.3
000564	-43.6	0.0	-130.9	-37.96939638888889	121.90483730555556	7.3
000565	-43.5	0.0	-151.7	-37.96941016666667	121.90485452777779	7.2
000566	-43.5	0.0	-173.7	-37.96941830555556	121.90487716666667	7.2
000567	-43.6	0.0	167.4	-37.969415500000004	121.90490580555556	7.2
000568	-43.6	0.0	163.0	-37.969415194444444	121.90490650000001	7.3
000569	-43.6	0.0	148.9	-37.96941280555556	121.90492402777778	7.2
000570	-43.5	0.0	139.3	-37.969406	121.90494086111111	7.2
000571	-43.5	0.0	111.2	-37.96938777777778	121.9049695	7.3
000572	-43.6	0.0	97.0	-37.96937441666667	121.90498041666667	7.4
000573	-43.6	0.0	84.5	-37.96936102777778	121.90497819444445	7.3
000574	-43.6	0.0	74.5	-37.969346638888894	121.90497616666667	7.4
000575	-43.5	0.0	51.9	-37.96932969444445	121.90496813888889	7.4
000576	-43.6	0.0	44.2	-37.96931880555556	121.90494811111111	7.3
000577	-43.5	0.0	32.1	-37.969311805555556	121.90493161111112	7.1
000578	-43.5	0.0	28.4	-37.96931202777778	121.90493108333334	7.1
000579	-43.6	0.0	28.4	-37.96931266666667	121.90492955555555	7.1
000580	-43.5	0.0	19.5	-37.969305750000004	121.9049165	7.2
000581	-43.6	0.0	16.6	-37.969302750000004	121.90491291666667	7.1
000582	-43.5	0.0	-3.2	-37.96929741666667	121.90489127777778	7.3
000583	-43.5	0.0	-7.3	-37.969297583333336	121.90488752777779	7.2
000584	-43.6	0.0	-24.3	-37.96930738888889	121.90485711111111	7.2
000585	-43.5	0.0	-42.1	-37.96931713888889	121.90484005555557	7.2
000586	-43.6	0.0	-68.9	-37.96933452777778	121.90482408333334	7.2
000587	-43.5	0.0	-71.8	-37.96933833333333	121.90482208333334	7.1
000588	-43.5	0.0	-66.6	-37.96932761111111	121.90477063888889	7.0
000589	-43.6	0.0	-68.9	-37.969345611111116	121.90476466666668	7.0
000590	-43.6	0.0	-71.5	-37.96934761111111	121.90476355555556	7.0
000591	-43.5	0.0	-71.3	-37.96934736111111	121.90476375	7.0
000592	-43.6	0.0	-89.7	-37.96937044444444	121.90476072222222	6.9
000593	-43.6	0.0	-108.5	-37.969395444444444	121.90476833333334	7.0
000594	-43.5	0.0	-117.3	-37.96941122222223	121.90477802777778	7.0
000595	-43.5	0.0	-139.1	-37.969424333333336	121.90478850000001	7.0
000596	-43.6	0.0	-154.5	-37.96943327777778	121.90480988888889	7.0
000597	-43.6	0.0	-174.5	-37.96943941666667	121.9048365	6.9
000598	-43.5	0.0	168.6	-37.969437194444446	121.90486755555555	6.9
000599	-43.5	0.0	158.2	-37.96943044444445	121.90489202777778	6.9
000600	-43.5	0.0	151.8	-37.969422333333334	121.90491297222223	7.0
000601	-43.5	0.0	147.3	-37.96941008333334	121.90493425000001	7.0
000602	-43.6	0.0	126.9	-37.96940036111111	121.90494905555556	7.0
000603	-43.5	0.0	122.1	-37.96939972222222	121.9049496388889	7.1
000604	-43.5	0.0	100.1	-37.96937852777778	121.90496661111112	7.0
000605	-43.6	0.0	86.9	-37.969361472222225	121.90496866666668	7.0
000606	-43.6	0.0	69.7	-37.96934655555556	121.90496086111112	7.0
000607	-43.6	0.0	57.9	-37.969331583333336	121.90495200000001	7.0
000608	-43.5	0.0	28.5	-37.969312111111115	121.90493697222223	6.9
000609	-43.6	0.0	22.1	-37.96930508333334	121.90492383333334	6.9
000610	-43.6	0.0	2.1	-37.96929166666667	121.90489994444445	6.9
000611	-43.5	0.0	-14.1	-37.969289833333335	121.90487694444445	6.9
000612	-43.6	0.0	-20.5	-37.96929116666667	121.90487161111112	6.9
000613	-43.6	0.0	-22.3	-37.96929244444445	121.90487016666667	6.8
000614	-43.6	0.0	-39.4	-37.96930169444445	121.90483961111111	7.0
000615	0.0	0.0	-0.8	-37.96943483333334	121.90491002777779	37.0
000616	0.0	0.0	-87.8	-37.969352138888894	121.90497761111112	35.4
000617	0.0	0.0	-88.5	-37.96935233333333	121.90497752777779	35.4
000618	0.0	0.0	-88.5	-37.96935261111111	121.90497727777779	35.4
000619	0.0	0.0	-88.5	-37.96935305555556	121.90497669444446	35.4
000620	0.0	0.0	-88.5	-37.969352	121.90497625	35.4
000621	0.0	0.0	162.2	-37.9692975	121.9048808888889	34.9
000622	0.0	0.0	162.6	-37.96929747222222	121.90488211111112	34.9
000623	0.0	0.0	162.5	-37.969297583333336	121.90488141666667	34.8
000624	0.0	0.0	162.3	-37.969297583333336	121.90488316666668	34.9
000625	0.0	0.0	84.8	-37.96936572222222	121.904804	34.5
000626	0.0	0.0	85.1	-37.96936486111111	121.90480361111112	34.6
000627	0.0	0.0	8.4	-37.96922477777778	121.90491027777779	3.2
000628	-67.0	0.0	0.5	-37.96924936111111	121.9048875	50.8
000629	-67.0	0.0	-45.6	-37.96930341666667	121.9047753888889	50.9
000630	-67.0	0.0	-74.3	-37.96935352777778	121.90475430555556	50.9
000631	-66.8	0.0	174.2	-37.96946911111111	121.90491011111112	50.8
000632	-66.8	0.0	174.0	-37.969467638888894	121.90491136111112	50.8
000633	-66.8	0.0	154.2	-37.96946169444445	121.90496652777779	50.9
000634	-66.8	0.0	127.4	-37.969426500000004	121.90501641666667	50.9
000635	-66.8	0.0	112.8	-37.96940013888889	121.90503327777779	50.9
000636	-66.8	0.0	101.2	-37.96937369444445	121.90504072222222	50.9
000637	-66.8	0.0	90.3	-37.96934683333333	121.90504022222223	51.0
000638	-66.8	0.0	78.8	-37.96932186111111	121.90503208333334	51.0
000639	-66.8	0.0	68.6	-37.96932186111111	121.90503208333334	51.0
000640	-66.8	0.0	57.0	-37.969298611111114	121.90501630555556	50.9
000641	-66.8	0.0	44.4	-37.969278305555555	121.9049946388889	50.9
000642	-66.8	0.0	32.3	-37.96926238888889	121.90496736111112	50.9
000643	-66.8	0.0	17.3	-37.969252861111116	121.90493591666667	50.9
000644	-66.8	0.0	-1.4	-37.96925152777778	121.9048698888889	50.9
000645	-66.8	0.0	-17.9	-37.96925952777778	121.90483808333335	50.9
000646	-66.9	0.0	-28.0	-37.969267305555555	121.90482111111112	50.7
000647	-66.9	0.0	-42.7	-37.96928752777778	121.90479152777779	50.7
000648	-66.9	0.0	-51.5	-37.969299750000005	121.9047801388889	50.7
000649	-66.9	0.0	-66.4	-37.969326333333335	121.90476380555556	50.7
000650	-66.9	0.0	-81.5	-37.96935563888889	121.90475647222223	50.8
000651	-66.9	0.0	-98.0	-37.969386416666666	121.90476033333334	50.8
000652	-66.9	0.0	-113.9	-37.969415000000005	121.90477436111112	50.9
000653	-66.9	0.0	-137.6	-37.969449527777776	121.90481236111111	50.9
000654	-66.9	0.0	-153.1	-37.96946425	121.90484644444444	50.9
000655	-66.9	0.0	-168.3	-37.96947111111111	121.90487486111111	50.8
000656	-66.9	0.0	-177.0	-37.96947238888889	121.90489441666668	50.8
000657	-66.9	0.0	163.3	-37.96946633333334	121.90494369444446	50.8
000658	-66.9	0.0	147.2	-37.96945136111111	121.90497941666668	50.8
000659	-66.9	0.0	130.5	-37.96942969444444	121.90500719444445	50.9
000660	-66.9	0.0	114.8	-37.969401194444444	121.90502947222222	50.9
000661	-66.9	0.0	98.7	-37.96936988888889	121.90503972222223	50.9
000662	-66.9	0.0	83.1	-37.96933927777778	121.90503627777778	51.0
000663	-66.9	0.0	66.4	-37.96931038888889	121.90502236111112	51.0
000664	-66.9	0.0	43.2	-37.969273666666666	121.90498433333335	51.1
000665	-66.9	0.0	25.3	-37.96925869444445	121.90494983333333	51.1
000666	-66.9	0.0	8.4	-37.96925077777778	121.90490927777779	51.1
000667	-66.9	0.0	-11.5	-37.969254972222224	121.90485475000001	50.9
000668	-66.9	0.0	-28.8	-37.96926902777778	121.90481705555555	50.8
000669	-66.9	0.0	-44.8	-37.96929058333333	121.90478763888889	50.9
000670	-66.9	0.0	-64.5	-37.969321972222225	121.90476491666668	50.9
000671	-66.9	0.0	-84.3	-37.96935886111111	121.90475608333334	50.9
000672	-66.9	0.0	-133.1	-37.969443000000005	121.90480205555556	50.9
000673	-76.9	0.0	-111.1	-37.96939027777778	121.90469425	32.4
000674	-76.9	0.0	-132.5	-37.969427	121.904729	32.4
000675	-39.4	0.0	-169.2	-37.969456111111114	121.90480972222223	32.4
000676	-39.4	0.0	146.5	-37.96943322222222	121.90491902777778	32.4
000677	-39.4	0.0	128.7	-37.969405333333334	121.90495105555556	32.4
000678	-39.4	0.0	111.6	-37.96937119444445	121.90497	32.4
000679	-39.4	0.0	96.1	-37.96934377777778	121.90497572222223	32.5
000680	-39.4	0.0	89.0	-37.969335138888894	121.90497511111111	32.5
000681	-39.4	0.0	84.5	-37.96932672222223	121.90497411111112	32.4
000682	-39.4	0.0	79.1	-37.969318	121.90497244444445	32.5
000683	-39.4	0.0	60.9	-37.969276694444446	121.90495094444445	32.5
000684	-39.4	0.0	40.7	-37.96925038888889	121.90492002777778	32.4
000685	-39.4	0.0	20.1	-37.96922966666667	121.90486819444445	32.3
000686	-39.5	0.0	5.1	-37.96922475	121.90483369444445	32.3
000687	-89.9	0.0	-56.3	-37.969302222222225	121.90475272222223	33.5
000688	-89.9	0.0	-64.3	-37.969319250000005	121.90474338888889	33.5
000689	-89.9	0.0	-70.6	-37.96932791666667	121.90473977777778	33.5
000690	-89.9	0.0	-98.4	-37.96939788888889	121.90473586111112	33.6
000691	-20.6	0.0	-173.4	-37.969488750000004	121.90482225000001	33.6
000692	-20.6	0.0	175.5	-37.969499472222225	121.90485372222223	33.6
000693	-20.6	0.0	169.2	-37.96950208333334	121.90486472222223	33.5
