000535	3720.68408203125	3720.68408203125	3648	5472	-43.6	0.0	-80.3	5.416597600782374	-0.35465317235807703	-15.954269175108497
000165	3721.162841796875	3721.162841796875	3648	5472	0.0	0.0	113.0	-18.509396615953754	8.458088724849489	-5.454269175108497
000674	3719.083740234375	3719.083740234375	3648	5472	-76.9	0.0	-132.5	13.460997083965538	7.514970732511506	4.945730824891502
000125	3711.497802734375	3711.497802734375	3648	5472	0.0	0.0	114.6	-9.826320568918593	5.829727106359228	1.0457308248915034
000160	3720.369140625	3720.369140625	3648	5472	0.0	0.0	138.9	-12.556541000007591	16.27205320769638	-5.554269175108498
000320	3745.7861328125	3745.7861328125	3648	5472	-30.3	0.0	151.5	-12.85637770599123	35.193164671272505	18.045730824891503
000657	3727.8125	3727.8125	3648	5472	-66.9	0.0	163.3	-5.379961582101499	11.893511970103942	23.3457308248915
000168	3721.706298828125	3721.706298828125	3648	5472	0.0	0.0	71.1	-19.289459595626578	-3.666388812094834	-6.054269175108498
000603	3730.033447265625	3730.033447265625	3648	5472	-43.5	0.0	122.1	-5.901628699227698	4.478440015175544	-20.3542691751085
000563	3727.132568359375	3727.132568359375	3648	5472	-43.6	0.0	-113.0	5.004626840102952	2.7746432485850736	-20.154269175108496
000304	3745.299560546875	3745.299560546875	3648	5472	-30.3	0.0	-79.1	41.13373130089823	-7.126549578169583	18.945730824891502
000459	3708.861572265625	3708.861572265625	3648	5472	-43.6	0.0	165.5	-3.3079192919255744	7.7407006125636	-5.954269175108497
000216	3732.255859375	3732.255859375	3648	5472	0.0	0.0	1.7	-0.8458455096799944	-17.52867720666902	-11.754269175108497
000577	3729.7890625	3729.7890625	3648	5472	-43.5	0.0	32.1	-4.319563469038312	-5.308341776280512	-20.3542691751085
000154	3718.458984375	3718.458984375	3648	5472	0.0	0.0	-157.9	5.382469845393756	15.669076130000981	-5.154269175108496
000611	3730.423095703125	3730.423095703125	3648	5472	-43.5	0.0	-14.1	0.4778238579623515	-7.754264176685277	-20.554269175108494
000463	3708.878662109375	3708.878662109375	3648	5472	-43.6	0.0	143.3	-6.330663338717886	8.322032358567588	-5.854269175108495
000415	3707.116943359375	3707.116943359375	3648	5472	-37.9	0.0	-117.4	4.882741999110323	4.184681952336556	11.445730824891502
000367	3729.051025390625	3729.051025390625	3648	5472	-64.8	0.0	100.8	-6.610998472107752	0.9224213549484994	20.8457308248915
000161	3720.54931640625	3720.54931640625	3648	5472	0.0	0.0	132.7	-14.265366465454036	14.920766116512695	-5.554269175108498
000473	3708.888916015625	3708.888916015625	3648	5472	-43.5	0.0	89.2	-9.085260738898915	1.2934841722097024	-4.654269175108496
000335	3747.60595703125	3747.60595703125	3648	5472	-30.3	0.0	73.4	-32.43352081002772	-8.156248894440765	17.445730824891502
000567	3728.086669921875	3728.086669921875	3648	5472	-43.6	0.0	167.4	-2.0549431288435542	6.234804014659822	-20.254269175108497
000341	3747.403076171875	3747.403076171875	3648	5472	-30.3	0.0	26.5	-12.688176627297107	-31.33839837047373	17.245730824891506
000401	3705.84326171875	3705.84326171875	3648	5472	-37.9	0.0	77.2	-5.887002518665851	-0.5340002006065769	15.245730824891506
000077	3713.86376953125	3713.86376953125	3648	5472	-6.3	0.0	-96.3	17.597768574034735	2.7251682062363725	6.645730824891505
000313	3745.24072265625	3745.24072265625	3648	5472	-30.3	0.0	-162.6	17.53195076150646	36.235232747599774	18.945730824891502
000449	3708.78173828125	3708.78173828125	3648	5472	-43.6	0.0	-65.1	6.218599853531369	-2.676887967245145	-6.654269175108496
000654	3728.593505859375	3728.593505859375	3648	5472	-66.9	0.0	-153.1	3.1544149588365795	11.661597709669746	23.445730824891502
000455	3708.8671875	3708.8671875	3648	5472	-43.6	0.0	-145.9	2.5059876064527993	5.99361318400653	-6.054269175108498
000306	3745.43408203125	3745.43408203125	3648	5472	-30.3	0.0	-98.1	41.72852932306471	4.509361916377941	18.945730824891502
000115	3708.813232421875	3708.813232421875	3648	5472	0.0	0.0	-142.2	6.828024056261564	9.370284815985075	0.5457308248915034
000456	3708.87890625	3708.87890625	3648	5472	-43.6	0.0	-166.1	-0.05603174370972704	7.5428004438769065	-5.954269175108497
000212	3728.38232421875	3728.38232421875	3648	5472	0.0	0.0	54.8	-17.58794722046156	-10.926851259595027	-11.554269175108496
000029	3708.8701171875	3708.8701171875	3648	5472	0.0	0.0	-152.0	4.056362779502537	7.607736436826807	6.045730824891503
000661	3726.46337890625	3726.46337890625	3648	5472	-66.9	0.0	98.7	-13.807079464840292	1.157427805927802	23.445730824891502
000308	3745.40673828125	3745.40673828125	3648	5472	-30.3	0.0	-115.5	37.44549602292188	17.434716699704357	18.945730824891502
000174	3723.89453125	3723.89453125	3648	5472	0.0	0.0	18.8	-9.719061908487824	-19.7921603896964	-6.354269175108495
000123	3710.482177734375	3710.482177734375	3648	5472	0.0	0.0	147.7	-6.111270625824332	9.07343456260098	1.0457308248915034
000524	3718.03466796875	3718.03466796875	3648	5472	-43.5	0.0	52.1	-6.698755557711759	-3.74060137526383	-11.254269175108497
000557	3725.732666015625	3725.732666015625	3648	5472	-43.5	0.0	-36.7	2.2768441072623093	-5.985531416436796	-16.554269175108494
000497	3712.243896484375	3712.243896484375	3648	5472	-43.5	0.0	122.3	-8.583095194366603	4.602127621401353	-7.654269175108496
000176	3724.763427734375	3724.763427734375	3648	5472	0.0	0.0	7.6	-3.3054815959095762	-21.81136055010916	-6.254269175108497
000121	3709.888671875	3709.888671875	3648	5472	0.0	0.0	167.1	-2.452287708961147	10.752493808371156	0.945730824891502
000448	3708.624755859375	3708.624755859375	3648	5472	-43.6	0.0	-49.2	4.9339336333097155	-4.1054798121429315	-7.054269175108498
000108	3708.657958984375	3708.657958984375	3648	5472	-6.3	0.0	-54.5	8.563664186816093	-7.09253548642208	0.6457308248915048
000091	3709.614013671875	3709.614013671875	3648	5472	-6.3	0.0	99.1	-14.650522561025632	4.731999606593041	6.645730824891505
000609	3730.215087890625	3730.215087890625	3648	5472	-43.6	0.0	22.1	-3.6370083612659223	-6.056651789060686	-20.554269175108494
000534	3720.4462890625	3720.4462890625	3648	5472	-43.6	0.0	-77.2	8.839123925941015	-1.0411193834415688	-15.954269175108497
000116	3708.99658203125	3708.99658203125	3648	5472	0.0	0.0	-147.3	6.06990034743105	9.493972421502772	0.6457308248915048
000062	3714.157470703125	3714.157470703125	3648	5472	-6.3	0.0	-0.7	-2.064693917373406	-17.253472284976333	6.945730824891502
000377	3718.931640625	3718.931640625	3648	5472	-64.8	0.0	17.0	-2.6229264881371774	-5.422752811579112	20.445730824891502
000647	3729.859619140625	3729.859619140625	3648	5472	-66.9	0.0	-42.7	7.973741556679767	-8.010915957939769	23.245730824891506
000587	3730.0703125	3730.0703125	3648	5472	-43.5	0.0	-71.8	5.292275063773749	-2.3553001930407547	-20.3542691751085
000307	3745.43994140625	3745.43994140625	3648	5472	-30.3	0.0	-108.5	39.87831744180405	11.550278864916253	18.945730824891502
000502	3713.27783203125	3713.27783203125	3648	5472	-43.6	0.0	51.8	-6.2063408017092625	-3.6973107132972305	-7.754269175108497
000677	3717.045166015625	3717.045166015625	3648	5472	-39.4	0.0	128.7	-6.025951236236321	5.103062423854244	4.945730824891502
000653	3728.836181640625	3728.836181640625	3648	5472	-66.9	0.0	-137.6	6.14546894848921	10.022736935321063	23.445730824891502
000477	3709.0078125	3709.0078125	3648	5472	-43.5	0.0	22.6	-3.715014660573013	-4.383776923672611	-4.754269175108497
000423	3707.0205078125	3707.0205078125	3648	5472	-37.9	0.0	159.3	-3.8637141644404096	6.123485169198217	11.445730824891502
000353	3739.448486328125	3739.448486328125	3648	5472	-89.9	0.0	-25.5	-0.12672495050296606	0.9193291651115043	21.3457308248915
000675	3718.374267578125	3718.374267578125	3648	5472	-39.4	0.0	-169.2	6.377050145928613	10.755585998916262	4.945730824891502
000507	3714.287841796875	3714.287841796875	3648	5472	-43.6	0.0	-57.7	6.10159040680367	-3.292233804996636	-7.754269175108497
000525	3718.219970703125	3718.219970703125	3648	5472	-43.5	0.0	52.2	-6.652439317777293	-3.9230405940574364	-11.254269175108497
000606	3730.01708984375	3730.01708984375	3648	5472	-43.6	0.0	69.7	-6.8864582134656205	-1.4400119113600618	-20.454269175108497
000181	3724.61767578125	3724.61767578125	3648	5472	0.0	0.0	-40.4	12.912515299498862	-13.484092505461398	-11.654269175108496
000192	3725.9345703125	3725.9345703125	3648	5472	0.0	0.0	-105.8	19.864826610244048	5.56379875417753	-11.754269175108497
000565	3727.614501953125	3727.614501953125	3648	5472	-43.5	0.0	-151.7	2.445045185956482	5.641103507891632	-20.254269175108497
000317	3745.510498046875	3745.510498046875	3648	5472	-30.3	0.0	171.7	0.5070762190860465	38.77701304286495	18.645730824891505
000522	3717.650146484375	3717.650146484375	3648	5472	-43.6	0.0	70.5	-6.905959786059462	-2.0306202282912578	-11.254269175108497
000610	3730.3134765625	3730.3134765625	3648	5472	-43.6	0.0	2.1	-1.5405891019982516	-7.5501796269083705	-20.554269175108494
000079	3713.2001953125	3713.2001953125	3648	5472	-6.3	0.0	-117.8	14.95774292679935	8.897179724897587	6.545730824891503
000486	3710.1181640625	3710.1181640625	3648	5472	-43.6	0.0	-71.8	8.071249430813621	-2.65215044642485	-7.854269175108495
000215	3731.06201171875	3731.06201171875	3648	5472	0.0	0.0	5.2	-2.9837056146172207	-17.522492826995027	-11.654269175108496
000668	3723.0517578125	3723.0517578125	3648	5472	-66.9	0.0	-28.8	5.733498187809792	-10.070314591190243	23.3457308248915
000467	3708.83349609375	3708.83349609375	3648	5472	-43.6	0.0	108.8	-7.6884604639816585	3.312684332622462	-4.754269175108497
000186	3724.758544921875	3724.758544921875	3648	5472	0.0	0.0	-66.6	18.39977082455037	-6.313303571731399	-11.654269175108496
000419	3706.983154296875	3706.983154296875	3648	5472	-37.9	0.0	-147.1	2.703441048503596	6.581129310392619	11.445730824891502
000383	3711.6064453125	3711.6064453125	3648	5472	-37.9	0.0	-24.8	1.216445994199082	-4.2879190302284265	15.645730824891505
000412	3707.490478515625	3707.490478515625	3648	5472	-37.9	0.0	-63.9	4.0100465395680684	-1.5884370384061652	11.245730824891506
000134	3712.69775390625	3712.69775390625	3648	5472	0.0	0.0	35.1	-9.687371849115205	-10.156895915123442	1.0457308248915034
000073	3714.861572265625	3714.861572265625	3648	5472	-6.3	0.0	-69.4	16.678756874558484	-6.069020550533	6.545730824891503
000184	3724.638671875	3724.638671875	3648	5472	0.0	0.0	-54.6	16.40085943941767	-11.069092005550917	-11.454269175108497
000148	3717.072021484375	3717.072021484375	3648	5472	0.0	0.0	-82.4	15.825562992076327	-0.3144547009365839	-4.954269175108497
000650	3729.41796875	3729.41796875	3648	5472	-66.9	0.0	-81.5	11.050114935920014	-0.4288657355270731	23.3457308248915
000334	3747.583984375	3747.583984375	3648	5472	-30.3	0.0	77.5	-33.36228329579953	-3.1530852488777406	17.545730824891503
000189	3725.302490234375	3725.302490234375	3648	5472	0.0	0.0	-91.3	20.32067591484162	2.901423043939766	-11.654269175108496
000612	3730.55126953125	3730.55126953125	3648	5472	-43.6	0.0	-20.5	0.9458616471061165	-7.605839049639174	-20.554269175108494
000038	3711.45166015625	3711.45166015625	3648	5472	0.0	0.0	134.5	-7.30330436840995	8.158146281628397	7.045730824891503
000294	3741.213134765625	3741.213134765625	3648	5472	-30.3	0.0	-24.2	18.380269249723607	-34.078078833717484	19.145730824891505
000178	3724.875244140625	3724.875244140625	3648	5472	0.0	0.0	-14.0	5.048505381788491	-21.19601471306578	-6.254269175108497
000519	3717.037109375	3717.037109375	3648	5472	-43.6	0.0	110.3	-9.27783878668476	2.26133968536798	-11.254269175108497
000476	3708.984619140625	3708.984619140625	3648	5472	-43.6	0.0	42.6	-7.749402884477969	-5.966978275998603	-4.854269175108495
000512	3715.410888671875	3715.410888671875	3648	5472	-43.6	0.0	-132.5	5.548233230304854	4.509361916377941	-11.754269175108497
000643	3730.418701171875	3730.418701171875	3648	5472	-66.8	0.0	17.3	-4.697406474329122	-11.86996925193301	23.445730824891502
000080	3712.90625	3712.90625	3648	5472	-6.3	0.0	-128.4	13.500000231386144	10.74321723815206	6.645730824891505
000217	3733.4833984375	3733.4833984375	3648	5472	0.0	0.0	-9.8	2.1671477508155252	-17.07103306618273	-11.554269175108496
000422	3707.073486328125	3707.073486328125	3648	5472	-37.9	0.0	169.5	-2.39134529069776	6.927454605417305	11.445730824891502
000598	3730.049072265625	3730.049072265625	3648	5472	-43.5	0.0	168.6	1.301765381554168	8.649804513862192	-20.554269175108494
000364	3731.15625	3731.15625	3648	5472	-64.8	0.0	154.0	-3.149468999528324	4.549560388507546	20.645730824891505
000409	3707.222900390625	3707.222900390625	3648	5472	-37.9	0.0	-23.2	0.5070762190860465	-3.7900764176125312	14.645730824891505
000418	3706.92919921875	3706.92919921875	3648	5472	-37.9	0.0	-135.4	3.8881616985754377	5.569983134559631	11.3457308248915
000683	3713.93994140625	3713.93994140625	3648	5472	-39.4	0.0	60.9	-6.016200449939401	-9.216870112622455	5.045730824891503
000378	3717.515869140625	3717.515869140625	3648	5472	-64.8	0.0	3.7	-1.4845220757668607	-5.979347036762805	20.8457308248915
000083	3712.316162109375	3712.316162109375	3648	5472	-6.3	0.0	-170.6	1.9306911591111813	16.17001093245387	6.745730824891506
000693	3709.749755859375	3709.749755859375	3648	5472	-20.6	0.0	169.2	1.5504104555714324	15.873160679777886	6.045730824891503
000605	3729.9853515625	3729.9853515625	3648	5472	-43.6	0.0	86.9	-7.5714510172539615	0.22049419326380937	-20.454269175108497
000340	3747.50830078125	3747.50830078125	3648	5472	-30.3	0.0	29.9	-19.079817669030074	-25.61475442207971	17.3457308248915
000193	3726.127685546875	3726.127685546875	3648	5472	0.0	0.0	-113.1	18.53871954435369	9.456866139918274	-11.754269175108497
000349	3743.186279296875	3743.186279296875	3648	5472	-30.3	0.0	-45.3	28.338260730676623	-25.361194830662214	17.945730824891502
000663	3725.630859375	3725.630859375	3648	5472	-66.9	0.0	66.4	-12.283518956898707	-5.466043472837601	23.545730824891503
000583	3730.149169921875	3730.149169921875	3648	5472	-43.5	0.0	-7.3	-0.4509386278113256	-6.89154312719028	-20.254269175108497
000346	3745.540283203125	3745.540283203125	3648	5472	-30.3	0.0	-21.5	13.124594922111442	-35.39535183315367	17.945730824891502
000676	3717.7041015625	3717.7041015625	3648	5472	-39.4	0.0	146.5	-3.215286812056636	8.207621323268988	4.945730824891502
000092	3709.346923828125	3709.346923828125	3648	5472	-6.3	0.0	86.8	-14.548139294859812	1.7696814531341865	6.645730824891505
000365	3730.423095703125	3730.423095703125	3648	5472	-64.8	0.0	131.2	-4.997243182545769	3.420910987538961	20.745730824891506
000540	3721.9677734375	3721.9677734375	3648	5472	-43.6	0.0	-159.7	1.2725130181975437	5.743145782426029	-16.154269175108496
000500	3712.8837890625	3712.8837890625	3648	5472	-43.6	0.0	71.1	-6.8620812443739245	-0.3979438343246766	-7.654269175108496
000509	3714.7314453125	3714.7314453125	3648	5472	-43.6	0.0	-81.3	6.932845018443416	-1.6286355105357697	-11.954269175108497
000382	3712.403564453125	3712.403564453125	3648	5472	-37.9	0.0	-24.8	1.3237046523969391	-4.386869114217717	15.545730824891503
000662	3726.0576171875	3726.0576171875	3648	5472	-66.9	0.0	83.1	-13.504805058374808	-2.250165728669362	23.545730824891503
000392	3707.322509765625	3707.322509765625	3648	5472	-37.9	0.0	-148.7	1.8161194083994714	4.064086536655854	15.045730824891503
000314	3745.254150390625	3745.254150390625	3648	5472	-30.3	0.0	-166.1	11.440146425756593	38.31936890167055	19.045730824891503
000299	3744.030029296875	3744.030029296875	3648	5472	-30.3	0.0	-56.3	36.2242099214485	-20.614682967061793	19.045730824891503
000541	3722.18994140625	3722.18994140625	3648	5472	-43.5	0.0	-169.6	0.0902300641416767	6.219343063350513	-16.154269175108496
000564	3727.37744140625	3727.37744140625	3648	5472	-43.6	0.0	-130.9	3.9564172093526766	4.107377198622453	-20.154269175108496
000333	3747.50146484375	3747.50146484375	3648	5472	-30.3	0.0	85.7	-33.60117758351937	1.0182792491007953	17.645730824891505
000175	3724.39990234375	3724.39990234375	3648	5472	0.0	0.0	15.3	-7.464192356823184	-20.642512677719083	-6.254269175108497
000494	3711.5341796875	3711.5341796875	3648	5472	-43.6	0.0	-175.2	-0.24617209547960264	9.77536172428567	-7.654269175108496
000145	3716.339111328125	3716.339111328125	3648	5472	0.0	0.0	-55.8	12.749189612836734	-7.763540746904374	-5.054269175108498
000640	3730.769287109375	3730.769287109375	3648	5472	-66.8	0.0	57.0	-11.752101051242766	-6.77713209189168	23.445730824891502
000371	3725.78857421875	3725.78857421875	3648	5472	-64.8	0.0	67.4	-6.6963178616957615	-3.007752311668632	20.8457308248915
000555	3725.318115234375	3725.318115234375	3648	5472	-43.5	0.0	-21.9	0.8897946186417953	-6.641075725609779	-16.554269175108494
000141	3715.99755859375	3715.99755859375	3648	5472	0.0	0.0	-16.0	4.833988063159857	-13.892261603598987	0.7457308248915027
000665	3724.68798828125	3724.68798828125	3648	5472	-66.9	0.0	25.3	-5.9186925780384705	-11.220609322434017	23.645730824891505
000495	3711.751953125	3711.751953125	3648	5472	-43.6	0.0	165.1	-2.813066837674121	7.3727299865556155	-7.754269175108497
000311	3745.21728515625	3745.21728515625	3648	5472	-30.3	0.0	-138.7	28.323634550114793	29.181947039713485	19.045730824891503
000090	3709.8818359375	3709.8818359375	3648	5472	-6.3	0.0	110.9	-13.785140191764599	7.375822175684499	6.645730824891505
000481	3709.428466796875	3709.428466796875	3648	5472	-43.6	0.0	-8.9	0.6630888154673014	-6.514295930963199	-4.654269175108496
000579	3729.978515625	3729.978515625	3648	5472	-43.6	0.0	28.4	-4.139173903565365	-5.2124838821282165	-20.3542691751085
000012	3708.387939453125	3708.387939453125	3648	5472	0.0	0.0	-63.7	10.46994309431359	-5.398015290050706	3.0457308248915034
000309	3745.346435546875	3745.346435546875	3648	5472	-30.3	0.0	-124.5	34.25455089521001	22.81203535307369	18.945730824891502
000158	3719.8857421875	3719.8857421875	3648	5472	0.0	0.0	162.1	-5.616418171572902	19.36733553689203	-5.454269175108497
000604	3730.002197265625	3730.002197265625	3648	5472	-43.5	0.0	100.1	-7.391061454013956	2.1190989387039783	-20.454269175108497
000413	3707.35791015625	3707.35791015625	3648	5472	-37.9	0.0	-85.5	4.692601647340455	0.11535972889241686	11.3457308248915
000558	3725.9140625	3725.9140625	3648	5472	-43.6	0.0	-38.5	3.203168894787046	-4.955832100165614	-16.554269175108494
000536	3720.94677734375	3720.94677734375	3648	5472	-43.6	0.0	-103.9	5.394658329939604	2.0850848476645867	-15.954269175108497
000363	3731.9716796875	3731.9716796875	3648	5472	-64.8	0.0	170.8	-1.3138832988237588	4.967006056864232	20.445730824891502
000402	3705.739013671875	3705.739013671875	3648	5472	-37.9	0.0	60.8	-5.440904002597813	-1.9687764251783535	15.145730824891505
000347	3744.839599609375	3744.839599609375	3648	5472	-30.3	0.0	-27.5	17.74890577615098	-33.506023657932595	17.945730824891502
000614	3730.747314453125	3730.747314453125	3648	5472	-43.6	0.0	-39.4	3.754088375269887	-6.43389898670399	-20.454269175108497
000325	3746.047607421875	3746.047607421875	3648	5472	-30.3	0.0	132.3	-23.48473581017437	27.30807981509361	17.745730824891506
000298	3743.638916015625	3743.638916015625	3648	5472	-30.3	0.0	-52.3	34.32524410200309	-23.25232115577115	19.045730824891503
000370	3726.67431640625	3726.67431640625	3648	5472	-64.8	0.0	70.2	-6.820640398704384	-2.553200361727448	20.8457308248915
000354	3738.509521484375	3738.509521484375	3648	5472	-89.9	0.0	-25.5	-1.1237429470538836	2.09745360842879	21.3457308248915
000028	3708.777099609375	3708.777099609375	3648	5472	0.0	0.0	-144.8	5.7749390312464035	7.112986014047906	6.045730824891503
000338	3747.59814453125	3747.59814453125	3648	5472	-30.3	0.0	48.0	-25.961435772978984	-19.918940185051092	17.3457308248915
000454	3708.884033203125	3708.884033203125	3648	5472	-43.6	0.0	-122.7	3.902787879137285	3.383804705954463	-6.054269175108498
000672	3720.506103515625	3720.506103515625	3648	5472	-66.9	0.0	-133.1	7.049854465171115	9.296072252816078	23.445730824891502
000447	3708.41943359375	3708.41943359375	3648	5472	-43.6	0.0	-37.8	3.8272192803120517	-5.4629512830006055	-7.854269175108495
000343	3746.940673828125	3746.940673828125	3648	5472	-30.3	0.0	6.0	-4.780288165668207	-33.59260498186579	17.245730824891506
000480	3709.316162109375	3709.316162109375	3648	5472	-43.6	0.0	-2.6	-0.8117177565243036	-6.477189649378701	-4.654269175108496
000637	3730.951416015625	3730.951416015625	3648	5472	-66.8	0.0	90.3	-13.850958006525817	-1.4090900101576653	23.545730824891503
000599	3730.02685546875	3730.02685546875	3648	5472	-43.5	0.0	158.2	-0.8458455096799944	7.8984023098288	-20.554269175108494
000374	3722.693603515625	3722.693603515625	3648	5472	-64.8	0.0	40.5	-4.597460906412191	-3.89830307252903	20.445730824891502
000457	3708.880615234375	3708.880615234375	3648	5472	-43.6	0.0	-179.6	-0.9482287780787853	8.346769880095994	-5.954269175108497
000397	3706.577880859375	3706.577880859375	3648	5472	-37.9	0.0	134.6	-4.733971927966668	3.7796050440359608	15.3457308248915
000323	3746.00390625	3746.00390625	3648	5472	-30.3	0.0	137.9	-19.723369627148482	30.607446694066166	17.745730824891506
000180	3724.7275390625	3724.7275390625	3648	5472	0.0	0.0	-29.3	9.772761805979467	-16.050610320838754	-11.654269175108496
000656	3728.086669921875	3728.086669921875	3648	5472	-66.9	0.0	-177.0	-1.0554874362766427	12.567609420423231	23.3457308248915
000339	3747.60205078125	3747.60205078125	3648	5472	-30.3	0.0	40.5	-22.975257175361573	-23.069881937685654	17.3457308248915
000474	3708.936279296875	3708.936279296875	3648	5472	-43.5	0.0	73.5	-9.212020971923527	-0.9947365316379742	-4.754269175108497
000297	3743.196044921875	3743.196044921875	3648	5472	-30.3	0.0	-40.4	27.762964283335837	-27.522635737738977	19.045730824891503
000613	3730.66064453125	3730.66064453125	3648	5472	-43.6	0.0	-22.3	1.0726218801307468	-7.463598302975171	-20.654269175108496
000421	3707.0810546875	3707.0810546875	3648	5472	-37.9	0.0	179.9	-0.8994748398953879	7.177922006997806	11.545730824891503
000087	3711.005859375	3711.005859375	3648	5472	-6.3	0.0	147.2	-8.06386577325644	12.951040997740526	6.645730824891505
000173	3723.336669921875	3723.336669921875	3648	5472	0.0	0.0	24.0	-11.49126749267972	-18.926347150364407	-6.254269175108497
000479	3709.193603515625	3709.193603515625	3648	5472	-43.6	0.0	-0.2	-0.9092256284252394	-5.976254846217699	-4.654269175108496
000546	3723.262451171875	3723.262451171875	3648	5472	-43.6	0.0	122.8	-7.466630052839183	3.900200459716663	-15.854269175108497
000433	3705.95458984375	3705.95458984375	3648	5472	-37.9	0.0	59.9	-6.671940892604064	-2.6490582558797438	11.045730824891503
000559	3726.139404296875	3726.139404296875	3648	5472	-43.6	0.0	-66.6	3.7711522518477323	-3.400460459913135	-17.054269175108494
000602	3730.024169921875	3730.024169921875	3648	5472	-43.6	0.0	126.9	-5.850437067261235	4.549560388507546	-20.454269175108497
000684	3713.51220703125	3713.51220703125	3648	5472	-39.4	0.0	40.7	-3.3030438976606487	-12.145174175041918	4.945730824891502
000076	3714.145751953125	3714.145751953125	3648	5472	-6.3	0.0	-85.5	17.653835600266095	-0.8030207426252711	6.545730824891503
000633	3730.978515625	3730.978515625	3648	5472	-66.8	0.0	154.2	-7.383748363733033	11.377116217049855	23.445730824891502
000685	3713.099609375	3713.099609375	3648	5472	-39.4	0.0	20.1	1.2456983553227767	-14.451948017911565	4.8457308248915005
000538	3721.48974609375	3721.48974609375	3648	5472	-43.6	0.0	-122.5	4.568279110331827	3.544598593056658	-16.054269175108494
000032	3709.60546875	3709.60546875	3648	5472	0.0	0.0	-177.9	0.3461882306727953	8.451904345175498	6.3457308248915005
000126	3711.8984375	3711.8984375	3648	5472	0.0	0.0	112.3	-10.847715532328074	4.509361916377941	1.0457308248915034
000496	3711.99267578125	3711.99267578125	3648	5472	-43.6	0.0	137.3	-6.359915702074509	6.210066493131416	-7.754269175108497
000051	3713.5146484375	3713.5146484375	3648	5472	-6.3	0.0	68.9	-16.508047532572142	-3.026305452814937	6.8457308248915005
000100	3708.85595703125	3708.85595703125	3648	5472	-6.3	0.0	21.9	-6.2136538919901865	-9.309635816229644	6.445730824891502
000498	3712.480224609375	3712.480224609375	3648	5472	-43.6	0.0	102.4	-9.806818994091822	1.5439515730820919	-7.754269175108497
000652	3729.06201171875	3729.06201171875	3648	5472	-66.9	0.0	-113.9	9.48023818804378	6.179144592637131	23.445730824891502
000355	3737.614990234375	3737.614990234375	3648	5472	-89.9	0.0	-25.4	-0.9994204100452512	2.1098223684848816	21.3457308248915
000329	3746.596923828125	3746.596923828125	3648	5472	-30.3	0.0	100.8	-32.72360672971397	10.65663591421886	17.745730824891506
000471	3708.892578125	3708.892578125	3648	5472	-43.6	0.0	89.3	-8.644037614862913	1.5779656648295948	-4.554269175108498
000369	3727.519775390625	3727.519775390625	3648	5472	-64.8	0.0	77.0	-6.881582819200696	-2.0275280377461513	20.8457308248915
000435	3706.052490234375	3706.052490234375	3648	5472	-37.9	0.0	56.8	-6.837704275282227	-3.7251404239545205	10.945730824891502
000651	3729.248291015625	3729.248291015625	3648	5472	-66.9	0.0	-98.0	10.711275078049882	2.9972809380920618	23.3457308248915
000424	3706.9052734375	3706.9052734375	3648	5472	-37.9	0.0	154.0	-4.007538276275813	6.036903845265018	11.445730824891502
000468	3708.84326171875	3708.84326171875	3648	5472	-43.5	0.0	93.9	-8.753733971309682	1.8284330664100956	-4.754269175108497
000030	3709.04296875	3709.04296875	3648	5472	0.0	0.0	-162.8	2.5181760909986486	7.7592537530017935	6.3457308248915005
000086	3711.416748046875	3711.416748046875	3648	5472	-6.3	0.0	149.0	-6.084455960716637	14.404370362750496	6.645730824891505
000681	3714.8857421875	3714.8857421875	3648	5472	-39.4	0.0	84.5	-8.049239592694594	-3.6478356709485293	4.945730824891502
000013	3708.414794921875	3708.414794921875	3648	5472	0.0	0.0	-67.3	10.448003823470824	-4.176600184766821	3.0457308248915034
000458	3708.857421875	3708.857421875	3648	5472	-43.6	0.0	177.2	-1.157870702442504	6.893440514377913	-5.954269175108497
000336	3747.584228515625	3747.584228515625	3648	5472	-30.3	0.0	64.0	-31.05865980818858	-12.850193526563602	17.445730824891502
000679	3715.898681640625	3715.898681640625	3648	5472	-39.4	0.0	96.1	-8.190626008513984	-1.7492309255083605	5.045730824891503
000064	3714.856689453125	3714.856689453125	3648	5472	-6.3	0.0	-4.6	0.41688143746603434	-16.98445174224953	6.8457308248915005
000442	3707.239990234375	3707.239990234375	3648	5472	-37.9	0.0	-9.8	-0.2559228817765244	-6.8606212259878845	11.145730824891505
000004	3708.677001953125	3708.677001953125	3648	5472	0.0	0.0	-14.6	4.8193618825980105	-13.99121168758828	3.0457308248915034
000440	3706.767578125	3706.767578125	3648	5472	-37.9	0.0	1.6	-1.7087901829253556	-6.736933620470187	11.045730824891503
000658	3727.512451171875	3727.512451171875	3648	5472	-66.9	0.0	147.2	-8.51483968358937	10.226821484389859	23.3457308248915
000574	3729.4482421875	3729.4482421875	3648	5472	-43.6	0.0	74.5	-8.229629155934596	-1.4307353411409651	-20.054269175108494
000315	3745.315673828125	3745.315673828125	3648	5472	-30.3	0.0	-174.7	7.678780242728066	39.336699457885636	19.045730824891503
000475	3708.968017578125	3708.968017578125	3648	5472	-43.6	0.0	60.5	-9.192519397096756	-3.301510375923844	-4.854269175108495
000530	3719.38671875	3719.38671875	3648	5472	-43.5	0.0	-24.3	2.172023142847521	-7.259513754614488	-11.154269175108496
000067	3715.663330078125	3715.663330078125	3648	5472	-6.3	0.0	-24.5	6.233226034093216	-17.65854919327693	6.745730824891506
000200	3726.564697265625	3726.564697265625	3648	5472	0.0	0.0	158.0	-2.1280740338857203	21.763782894948093	-11.554269175108496
000484	3709.880615234375	3709.880615234375	3648	5472	-43.6	0.0	-56.5	6.8889664767578775	-3.616913769746133	-4.654269175108496
000404	3705.743408203125	3705.743408203125	3648	5472	-37.9	0.0	24.8	-3.0324595528006175	-3.545793396414132	14.8457308248915
000466	3708.82861328125	3708.82861328125	3648	5472	-43.6	0.0	122.7	-7.05465929215978	5.038126430904343	-5.654269175108496
000671	3721.18701171875	3721.18701171875	3648	5472	-66.9	0.0	-84.3	11.084242691308628	-0.07017167973818461	23.445730824891502
000655	3728.34326171875	3728.34326171875	3648	5472	-66.9	0.0	-168.3	0.6606511194513033	12.42536867375923	23.3457308248915
000531	3719.64013671875	3719.64013671875	3648	5472	-43.6	0.0	-41.1	5.326402819162367	-6.36896299375409	-10.954269175108497
000438	3706.3837890625	3706.3837890625	3648	5472	-37.9	0.0	23.2	-2.954453253493526	-6.396792705119491	11.045730824891503
000470	3708.9052734375	3708.9052734375	3648	5472	-43.6	0.0	89.2	-8.30519775699275	1.6552704185436973	-4.554269175108498
000163	3720.9697265625	3720.9697265625	3648	5472	0.0	0.0	112.5	-18.409451045803955	9.03632828101648	-5.554269175108498
000518	3716.789794921875	3716.789794921875	3648	5472	-43.6	0.0	124.9	-7.213109584557018	4.394950881787452	-11.154269175108496
000368	3728.3095703125	3728.3095703125	3648	5472	-64.8	0.0	83.9	-7.147291772028711	-0.9576302500534761	20.8457308248915
000331	3747.103515625	3747.103515625	3648	5472	-30.3	0.0	92.9	-33.79131793305591	5.721500451442729	17.8457308248915
000058	3713.6201171875	3713.6201171875	3648	5472	-6.3	0.0	25.9	-8.673289975986602	-12.840916955636395	6.945730824891502
000427	3706.510986328125	3706.510986328125	3648	5472	-37.9	0.0	147.7	-5.236137470266102	5.443203339204938	11.3457308248915
000089	3710.19287109375	3710.19287109375	3648	5472	-6.3	0.0	120.1	-12.861253100256155	9.126001794786676	6.745730824891506
000641	3730.6591796875	3730.6591796875	3648	5472	-66.8	0.0	44.4	-9.850697535777357	-9.037523084373955	23.445730824891502
000478	3709.08447265625	3709.08447265625	3648	5472	-43.5	0.0	11.3	-2.5912364287645553	-5.163008839779515	-4.654269175108496
000539	3721.748779296875	3721.748779296875	3648	5472	-43.6	0.0	-139.8	2.8862683099925452	4.843318451346534	-16.054269175108494
000300	3744.36962890625	3744.36962890625	3648	5472	-30.3	0.0	-63.7	38.43032553492429	-16.362921524115936	19.045730824891503
000373	3723.8056640625	3723.8056640625	3648	5472	-64.8	0.0	54.7	-5.9796349985347845	-4.124032952581125	20.8457308248915
000351	3741.353515625	3741.353515625	3648	5472	-89.9	0.0	-47.3	-0.4021846918608577	-0.07635606012028617	37.74573082489151
000576	3729.682373046875	3729.682373046875	3648	5472	-43.6	0.0	44.2	-5.767555375922152	-4.52910986088172	-20.154269175108496
000444	3707.746826171875	3707.746826171875	3648	5472	-37.9	0.0	-36.5	3.527382569862469	-6.050467409386695	11.145730824891505
000319	3745.700927734375	3745.700927734375	3648	5472	-30.3	0.0	157.7	-8.488025018481679	37.29894615561846	18.245730824891506
000034	3710.023681640625	3710.023681640625	3648	5472	0.0	0.0	165.0	-2.362092927341136	9.12290960494968	6.445730824891502
000667	3723.6171875	3723.6171875	3648	5472	-66.9	0.0	-11.5	2.4255436111297097	-11.63496280166182	23.445730824891502
000330	3746.844482421875	3746.844482421875	3648	5472	-30.3	0.0	95.4	-33.69624775940411	7.187198577216902	17.8457308248915
000040	3712.77197265625	3712.77197265625	3648	5472	0.0	0.0	123.6	-8.739107790747836	7.007851549676514	7.045730824891503
000293	3740.087158203125	3740.087158203125	3648	5472	-30.3	0.0	-17.6	15.674425789960068	-35.36133774140616	19.045730824891503
000171	3722.598876953125	3722.598876953125	3648	5472	0.0	0.0	40.2	-15.593911227360755	-15.048740715224863	-6.254269175108497
000532	3719.897705078125	3719.897705078125	3648	5472	-43.5	0.0	-64.1	7.259496391767743	-3.8550124105624306	-10.654269175108496
000437	3706.238525390625	3706.238525390625	3648	5472	-37.9	0.0	33.4	-4.45607449059279	-5.583546698681308	11.045730824891503
000146	3716.657470703125	3716.657470703125	3648	5472	0.0	0.0	-65.3	14.426325021143482	-5.840198479935799	-4.954269175108497
000162	3720.77392578125	3720.77392578125	3648	5472	0.0	0.0	120.9	-17.15403718670666	11.65850551912464	-5.554269175108498
000220	3737.32373046875	3737.32373046875	3648	5472	0.0	0.0	-29.2	9.697193204921316	-14.810642075116675	-11.654269175108496
000342	3747.199951171875	3747.199951171875	3648	5472	-30.3	0.0	17.0	-9.455790653908755	-32.884493439799	17.245730824891506
000520	3717.252197265625	3717.252197265625	3648	5472	-43.6	0.0	91.5	-9.029193710434605	1.1048605730339944	-11.154269175108496
000489	3710.594482421875	3710.594482421875	3648	5472	-43.5	0.0	-113.8	6.369737055647689	3.720853431468163	-7.854269175108495
000183	3724.6240234375	3724.6240234375	3648	5472	0.0	0.0	-47.3	15.272205815577724	-12.237939878649106	-11.554269175108496
000124	3711.001708984375	3711.001708984375	3648	5472	0.0	0.0	128.6	-8.714730821656142	7.317070563824812	1.0457308248915034
000316	3745.385986328125	3745.385986328125	3648	5472	-30.3	0.0	-178.9	3.746775284988964	39.27794784531784	18.8457308248915
000019	3708.6220703125	3708.6220703125	3648	5472	0.0	0.0	-92.6	10.579639450760354	1.40171082641809	4.045730824891503
000551	3724.38330078125	3724.38330078125	3648	5472	-43.6	0.0	33.4	-6.437921999148665	-5.7196030649632075	-15.854269175108497
000646	3730.004150390625	3730.004150390625	3648	5472	-66.9	0.0	-28.0	5.37759445112883	-10.262030379494835	23.245730824891506
000345	3746.142333984375	3746.142333984375	3648	5472	-30.3	0.0	-10.2	8.332082989376705	-36.82394367734334	17.8457308248915
000118	3709.380615234375	3709.380615234375	3648	5472	0.0	0.0	-165.9	2.479172941345103	10.987500259350458	0.6457308248915048
000416	3707.00537109375	3707.00537109375	3648	5472	-37.9	0.0	-131.1	4.027110418378843	5.545245613739336	11.445730824891502
000501	3713.070556640625	3713.070556640625	3648	5472	-43.5	0.0	67.3	-6.808451914158534	-2.240889157742154	-7.654269175108496
000426	3706.652099609375	3706.652099609375	3648	5472	-37.9	0.0	154.1	-4.06604300075613	6.067825747175526	11.545730824891503
000219	3736.030517578125	3736.030517578125	3648	5472	0.0	0.0	-14.1	5.3970960259556024	-16.650495207280937	-11.654269175108496
000687	3712.306396484375	3712.306396484375	3648	5472	-89.9	0.0	-56.3	11.379204005260291	-6.375147374136192	6.045730824891503
000386	3709.77294921875	3709.77294921875	3648	5472	-37.9	0.0	-61.5	3.32261603976368	-2.3800377138610496	15.545730824891503
000544	3722.841064453125	3722.841064453125	3648	5472	-43.6	0.0	155.3	-4.9558023368762285	6.077102317394623	-16.054269175108494
000436	3706.138427734375	3706.138427734375	3648	5472	-37.9	0.0	45.9	-5.82362240215354	-4.532202050718714	10.945730824891502
000568	3728.3017578125	3728.3017578125	3648	5472	-43.6	0.0	163.0	-2.115885551572801	6.200789922912319	-20.154269175108496
000205	3726.2255859375	3726.2255859375	3648	5472	0.0	0.0	147.0	-12.605294933725112	18.547905150071742	-11.654269175108496
000526	3718.427001953125	3718.427001953125	3648	5472	-43.6	0.0	37.3	-5.131316508084247	-5.80927657802529	-11.354269175108495
000408	3706.916015625	3706.916015625	3648	5472	-37.9	0.0	-12.5	-0.470440200405169	-4.083834481159632	14.645730824891505
000035	3710.222412109375	3710.222412109375	3648	5472	0.0	0.0	160.3	-3.4151779523563595	8.445719964085285	6.445730824891502
000036	3710.52392578125	3710.52392578125	3648	5472	0.0	0.0	152.6	-4.32200116505431	7.9138632604299985	6.445730824891502
000523	3717.845458984375	3717.845458984375	3648	5472	-43.6	0.0	54.9	-6.8035765198936105	-2.979922601011342	-11.254269175108497
000352	3740.40673828125	3740.40673828125	3648	5472	-89.9	0.0	-34.0	-0.3997469936119301	-0.04852634875488482	41.74573082489151
000379	3716.048828125	3716.048828125	3648	5472	-64.8	0.0	-9.9	-0.014590898040182829	-6.14632530353899	20.945730824891502
000529	3719.131591796875	3719.131591796875	3648	5472	-43.6	0.0	-6.3	0.1365463040761466	-7.09871986609607	-11.154269175108496
000638	3730.908447265625	3730.908447265625	3648	5472	-66.8	0.0	78.8	-13.136712839381028	-4.188968945531024	23.545730824891503
000692	3710.336181640625	3710.336181640625	3648	5472	-20.6	0.0	175.5	2.5157383949826504	15.582494806067782	6.145730824891505
000201	3726.474365234375	3726.474365234375	3648	5472	0.0	0.0	176.8	-2.1768279698361876	21.689570331779095	-11.654269175108496
000101	3708.5869140625	3708.5869140625	3648	5472	-6.3	0.0	18.3	-4.702281868594047	-9.915705083762038	6.545730824891503
000208	3726.9482421875	3726.9482421875	3648	5472	0.0	0.0	110.5	-20.30841686301952	9.80319143494296	-11.554269175108496
000188	3725.070556640625	3725.070556640625	3648	5472	0.0	0.0	-85.3	19.95014599759907	0.529713207412108	-11.554269175108496
000214	3729.9423828125	3729.9423828125	3648	5472	0.0	0.0	16.2	-7.395936846045952	-16.656679588371148	-11.554269175108496
000405	3705.9521484375	3705.9521484375	3648	5472	-37.9	0.0	7.8	-1.7477933325789012	-3.9013952623660253	14.745730824891506
000187	3724.89013671875	3724.89013671875	3648	5472	0.0	0.0	-81.3	19.791695705201935	-1.6873871231035675	-11.654269175108496
000207	3726.617919921875	3726.617919921875	3648	5472	0.0	0.0	124.7	-17.405119958972715	14.051860687343709	-11.554269175108496
000586	3730.0888671875	3730.0888671875	3648	5472	-43.6	0.0	-68.9	5.116760892565729	-2.7789302417795425	-20.254269175108497
000088	3710.603515625	3710.603515625	3648	5472	-6.3	0.0	134.4	-10.92328413561915	10.801968850719856	6.745730824891506
000493	3711.332275390625	3711.332275390625	3648	5472	-43.6	0.0	-164.7	1.0726218801307468	8.346769880095994	-7.654269175108496
000504	3713.666748046875	3713.666748046875	3648	5472	-43.6	0.0	14.4	-3.6272575727360703	-7.445045162536978	-7.754269175108497
000050	3713.222900390625	3713.222900390625	3648	5472	0.0	0.0	67.5	-13.01726569663736	-3.0324898331970385	7.045730824891503
000491	3710.94921875	3710.94921875	3648	5472	-43.6	0.0	-130.6	5.667680373048553	6.8470576625743185	-7.654269175108496
000107	3708.547607421875	3708.547607421875	3648	5472	-6.3	0.0	-38.1	6.966972773832032	-9.26325296442605	0.5457308248915034
000074	3714.68310546875	3714.68310546875	3648	5472	-6.3	0.0	-76.6	17.62214554089349	-3.0819648755457396	6.445730824891502
000472	3708.87451171875	3708.87451171875	3648	5472	-43.6	0.0	89.3	-8.78542402844937	1.4573702484407813	-4.554269175108498
000460	3708.8701171875	3708.8701171875	3648	5472	-43.5	0.0	161.8	-3.63944605728192	8.291110457365193	-5.954269175108497
000689	3711.520751953125	3711.520751953125	3648	5472	-89.9	0.0	-70.6	12.515170719381386	-3.514871494503624	6.045730824891503
000305	3745.38232421875	3745.38232421875	3648	5472	-30.3	0.0	-89.3	41.83335028524623	-1.0689490948069702	18.945730824891502
000119	3709.561279296875	3709.561279296875	3648	5472	0.0	0.0	-172.7	0.802037535270711	11.052436252300357	0.6457308248915048
000211	3727.841064453125	3727.841064453125	3648	5472	0.0	0.0	73.0	-20.63750593235962	-4.736286600495621	-11.554269175108496
000191	3725.72802734375	3725.72802734375	3648	5472	0.0	0.0	-93.9	20.284110461204097	2.7468135379277836	-11.654269175108496
000607	3730.077392578125	3730.077392578125	3648	5472	-43.6	0.0	57.9	-6.108832929808334	-3.1067023963660345	-20.454269175108497
000648	3729.71484375	3729.71484375	3648	5472	-66.9	0.0	-51.5	8.97319725147948	-6.650352296536988	23.245730824891506
000302	3744.904541015625	3744.904541015625	3648	5472	-30.3	0.0	-76.2	40.99234488507926	-7.874859591657868	19.045730824891503
000006	3708.486083984375	3708.486083984375	3648	5472	0.0	0.0	-31.6	6.264916091232907	-12.002933427669804	2.945730824891502
000139	3715.651123046875	3715.651123046875	3648	5472	0.0	0.0	-10.8	1.8404963774911698	-15.670270933358454	0.8457308248915041
000452	3708.96337890625	3708.96337890625	3648	5472	-43.5	0.0	-85.2	6.723203091846784	0.300891136814907	-6.054269175108498
000155	3718.9169921875	3718.9169921875	3648	5472	0.0	0.0	-165.6	2.917958369365167	16.194748453982278	-5.154269175108496
000682	3714.395751953125	3714.395751953125	3648	5472	-39.4	0.0	79.1	-7.902977784843208	-4.618783374651914	5.045730824891503
000600	3730.029541015625	3730.029541015625	3648	5472	-43.5	0.0	151.8	-2.6838689086334937	6.995482788912311	-20.454269175108497
000414	3707.245849609375	3707.245849609375	3648	5472	-37.9	0.0	-99.3	5.25814730838513	2.258247495530985	11.445730824891502
000554	3725.0927734375	3725.0927734375	3648	5472	-43.6	0.0	-5.3	-0.5094433500587153	-6.913188458173581	-16.3542691751085
000061	3714.018798828125	3714.018798828125	3648	5472	-6.3	0.0	7.1	-3.746704717712705	-17.531769397214127	7.045730824891503
000321	3745.885498046875	3745.885498046875	3648	5472	-30.3	0.0	146.7	-15.364767725937435	33.77694158713892	17.8457308248915
000569	3728.508544921875	3728.508544921875	3648	5472	-43.6	0.0	148.9	-3.6540722378437676	5.934861570730621	-20.254269175108497
000296	3742.685302734375	3742.685302734375	3648	5472	-30.3	0.0	-36.1	23.70907448460889	-31.060101257527826	19.145730824891505
000431	3706.001220703125	3706.001220703125	3648	5472	-37.9	0.0	86.1	-7.481256235633959	-0.00832787662528034	11.145730824891505
000389	3708.299072265625	3708.299072265625	3648	5472	-37.9	0.0	-105.0	3.9393533327748327	0.9409744960948041	15.445730824891502
000136	3713.675048828125	3713.675048828125	3648	5472	0.0	0.0	14.9	-5.406776247209194	-13.00171084273859	1.0457308248915034
000630	3730.88623046875	3730.88623046875	3648	5472	-67.0	0.0	-74.3	11.240255287689845	-0.6638721865063757	23.445730824891502
000357	3736.024169921875	3736.024169921875	3648	5472	-64.8	0.0	-130.9	2.910645276851314	2.187127122198984	20.545730824891503
000490	3710.78955078125	3710.78955078125	3648	5472	-43.5	0.0	-122.3	6.433117172159999	5.121615564292437	-7.854269175108495
000068	3715.482177734375	3715.482177734375	3648	5472	-6.3	0.0	-36.5	9.833704224242844	-15.453817623525456	6.645730824891505
000543	3722.63671875	3722.63671875	3648	5472	-43.5	0.0	164.5	-2.7423736308808833	6.349215049958423	-16.154269175108496
000527	3718.660400390625	3718.660400390625	3648	5472	-43.6	0.0	19.6	-2.774063690253505	-7.834661120236374	-11.254269175108497
000517	3716.54150390625	3716.54150390625	3648	5472	-43.6	0.0	144.9	-5.640795140664599	6.939823366181508	-11.254269175108497
000629	3730.82763671875	3730.82763671875	3648	5472	-67.0	0.0	-45.6	9.390043406423782	-6.242183198399398	23.445730824891502
000659	3727.193115234375	3727.193115234375	3648	5472	-66.9	0.0	130.5	-10.952536496742841	7.814913175732596	23.445730824891502
000400	3705.99267578125	3705.99267578125	3648	5472	-37.9	0.0	93.3	-5.9650088179729375	0.8884072632009965	15.3457308248915
000204	3726.16162109375	3726.16162109375	3648	5472	0.0	0.0	154.2	-8.336887816365369	20.993827550476507	-11.554269175108496
000071	3715.21826171875	3715.21826171875	3648	5472	-6.3	0.0	-53.0	14.631091553475128	-9.223054492296445	6.645730824891505
000680	3715.377197265625	3715.377197265625	3648	5472	-39.4	0.0	89.0	-8.136996678298598	-2.7109020582845367	5.045730824891503
000182	3724.5830078125	3724.5830078125	3648	5472	0.0	0.0	-39.7	13.10021795525268	-13.406787751747295	-11.654269175108496
000102	3708.453125	3708.453125	3648	5472	-6.3	0.0	3.6	-2.6083003053424005	-10.892837168555635	6.3457308248915005
000411	3707.5986328125	3707.5986328125	3648	5472	-37.9	0.0	-57.7	2.064764482416735	-2.6088597844582506	14.645730824891505
000642	3730.535400390625	3730.535400390625	3648	5472	-66.8	0.0	32.3	-7.456879266542263	-10.80934803375132	23.445730824891502
000516	3716.29833984375	3716.29833984375	3648	5472	-43.6	0.0	164.9	-3.1031527595938546	7.2892408517513	-11.354269175108495
000295	3742.050537109375	3742.050537109375	3648	5472	-30.3	0.0	-29.6	20.647327285932793	-32.93706067269281	19.145730824891505
000337	3747.55322265625	3747.55322265625	3648	5472	-30.3	0.0	55.0	-28.86960806905563	-16.112454123951657	17.445730824891502
000585	3730.109619140625	3730.109619140625	3648	5472	-43.5	0.0	-42.1	3.7150852256163422	-4.71464126951232	-20.254269175108497
000453	3708.944091796875	3708.944091796875	3648	5472	-43.6	0.0	-103.0	7.876233684778844	2.49016175525707	-6.054269175108498
000575	3729.572265625	3729.572265625	3648	5472	-43.5	0.0	51.9	-7.525134777319495	-3.316971325816931	-20.054269175108494
000185	3724.650390625	3724.650390625	3648	5472	0.0	0.0	-63.7	18.23888283613722	-6.579231923204986	-11.654269175108496
000170	3722.3935546875	3722.3935546875	3648	5472	0.0	0.0	45.7	-17.629388066131085	-12.4358400473358	-6.254269175108497
000669	3722.45458984375	3722.45458984375	3648	5472	-66.9	0.0	-44.8	8.31501911279886	-7.670775042589073	23.445730824891502
000432	3705.95849609375	3705.95849609375	3648	5472	-37.9	0.0	72.9	-7.320368244987794	-1.2421117426733685	11.245730824891506
000634	3730.976318359375	3730.976318359375	3648	5472	-66.8	0.0	127.4	-11.761851837539687	7.459311310488815	23.445730824891502
000451	3708.942138671875	3708.942138671875	3648	5472	-43.6	0.0	-78.5	6.184472095909822	-0.15366081383438868	-6.254269175108497
000122	3710.132568359375	3710.132568359375	3648	5472	0.0	0.0	156.7	-4.663278718940503	9.948524372152068	1.0457308248915034
000039	3712.143798828125	3712.143798828125	3648	5472	0.0	0.0	126.3	-8.044364198429669	8.099394669060601	7.045730824891503
000135	3713.0908203125	3713.0908203125	3648	5472	0.0	0.0	29.2	-9.153516247443218	-12.179188266081308	1.0457308248915034
000505	3713.87890625	3713.87890625	3648	5472	-43.5	0.0	-13.4	-0.04384325916387764	-7.933611204225666	-7.654269175108496
000506	3714.078369140625	3714.078369140625	3648	5472	-43.6	0.0	-37.0	3.46887784761508	-4.71464126951232	-7.754269175108497
000177	3724.927001953125	3724.927001953125	3648	5472	0.0	0.0	-6.2	-0.511881048307643	-22.009260719503963	-6.154269175108496
000361	3733.552978515625	3733.552978515625	3648	5472	-64.8	0.0	-152.8	0.8824815283608716	4.3145539382363545	20.245730824891506
000065	3715.309814453125	3715.309814453125	3648	5472	-6.3	0.0	-8.9	2.4816106373611007	-18.9820065723871	6.545730824891503
000010	3708.43310546875	3708.43310546875	3648	5472	0.0	0.0	-49.4	9.84589270878869	-8.131511372912358	3.145730824891505
000198	3726.33740234375	3726.33740234375	3648	5472	0.0	0.0	-169.5	3.9393533327748327	21.612265578064992	-11.554269175108496
000120	3709.722412109375	3709.722412109375	3648	5472	0.0	0.0	174.6	-0.9945450157803255	10.873089224051856	0.6457308248915048
000562	3726.88037109375	3726.88037109375	3648	5472	-43.5	0.0	-92.0	5.202080282153741	1.1697965666920052	-20.154269175108496
000673	3719.79443359375	3719.79443359375	3648	5472	-76.9	0.0	-111.1	16.5105557958644	3.4270953679210625	4.945730824891502
000428	3706.3671875	3706.3671875	3648	5472	-37.9	0.0	121.9	-6.603685381826828	4.197050713100758	11.3457308248915
000394	3707.18017578125	3707.18017578125	3648	5472	-37.9	0.0	-179.6	-0.3924339033310065	4.88970130385824	15.245730824891506
000443	3707.47802734375	3707.47802734375	3648	5472	-37.9	0.0	-17.9	1.5284711847286614	-6.668905436975181	11.145730824891505
000172	3722.8935546875	3722.8935546875	3648	5472	0.0	0.0	30.4	-12.822249950602618	-16.789643764107943	-6.154269175108496
000199	3726.4638671875	3726.4638671875	3648	5472	0.0	0.0	178.1	-0.3193029982888397	21.91530021183119	-11.554269175108496
000037	3710.971923828125	3710.971923828125	3648	5472	0.0	0.0	135.0	-5.5359741784827445	6.138946120507526	7.045730824891503
000636	3730.9755859375	3730.9755859375	3648	5472	-66.8	0.0	101.2	-13.894836548211343	1.5810578553747012	23.445730824891502
000469	3708.894287109375	3708.894287109375	3648	5472	-43.6	0.0	89.2	-9.319279632354297	1.7109298405663886	-4.554269175108498
000324	3746.02197265625	3746.02197265625	3648	5472	-30.3	0.0	137.9	-20.78620543845983	29.924072673527778	17.8457308248915
000085	3711.751953125	3711.751953125	3648	5472	-6.3	0.0	165.3	-2.932513982650755	15.68453708060218	6.545730824891503
000072	3715.05859375	3715.05859375	3648	5472	-6.3	0.0	-58.8	15.657361911149298	-8.215000507716674	6.545730824891503
000660	3726.85009765625	3726.85009765625	3648	5472	-66.9	0.0	114.8	-12.907569340190609	4.642326092822846	23.445730824891502
000441	3707.005859375	3707.005859375	3648	5472	-37.9	0.0	-10.4	-0.3339291788506871	-6.789500852655883	11.145730824891505
000601	3730.030517578125	3730.030517578125	3648	5472	-43.5	0.0	147.3	-4.5511446664777235	5.631826937672535	-20.454269175108497
000063	3714.460693359375	3714.460693359375	3648	5472	-6.3	0.0	-4.6	-0.28761294114914693	-17.231826953993036	6.945730824891502
000348	3744.06201171875	3744.06201171875	3648	5472	-30.3	0.0	-34.6	22.673053338405474	-30.34271314524194	18.045730824891503
000483	3709.72265625	3709.72265625	3648	5472	-43.6	0.0	-41.6	5.326402819162367	-4.841421065575124	-4.654269175108496
000075	3714.419921875	3714.419921875	3648	5472	-6.3	0.0	-78.0	17.52707536724154	-3.338616657508342	6.3457308248915005
000385	3710.307373046875	3710.307373046875	3648	5472	-37.9	0.0	-56.3	3.247047436472587	-2.5253706503620466	15.645730824891505
000511	3715.175048828125	3715.175048828125	3648	5472	-43.5	0.0	-112.4	5.90901235678488	2.391211671267779	-11.554269175108496
000399	3706.16796875	3706.16796875	3648	5472	-37.9	0.0	104.5	-5.991823483080633	1.9613972421468895	15.245730824891506
000150	3717.9765625	3717.9765625	3648	5472	0.0	0.0	-104.9	15.104004734650692	5.334976684288439	-5.154269175108496
000388	3708.746826171875	3708.746826171875	3648	5472	-37.9	0.0	-76.3	3.9881072687252983	-0.982367770873771	15.445730824891502
000542	3722.426025390625	3722.426025390625	3648	5472	-43.6	0.0	-172.8	-0.07797101455249815	6.432704183346516	-16.154269175108496
000093	3709.114013671875	3709.114013671875	3648	5472	-6.3	0.0	73.9	-13.577935963416948	-1.3379696368256644	6.645730824891505
000464	3708.8564453125	3708.8564453125	3648	5472	-43.6	0.0	142.1	-7.651895012577044	8.213805704359201	-5.754269175108497
000390	3707.888916015625	3707.888916015625	3648	5472	-37.9	0.0	-118.2	3.6224527479803337	2.07580827744549	15.3457308248915
000033	3709.811767578125	3709.811767578125	3648	5472	0.0	0.0	179.2	-0.7995292719784541	8.835335922492792	6.3457308248915005
000461	3708.876708984375	3708.876708984375	3648	5472	-43.6	0.0	161.7	-3.822273318770868	8.612698232277694	-5.954269175108497
000203	3726.23046875	3726.23046875	3648	5472	0.0	0.0	171.4	-4.075793787053051	21.995697155382288	-11.554269175108496
000117	3709.18212890625	3709.18212890625	3648	5472	0.0	0.0	-155.0	4.541464445224132	10.276296526738559	0.5457308248915034
000213	3729.018798828125	3729.018798828125	3648	5472	0.0	0.0	35.9	-13.18790447358041	-14.130360243707173	-11.554269175108496
000395	3707.083984375	3707.083984375	3648	5472	-37.9	0.0	168.0	-1.91111901700815	4.701077705390643	15.245730824891506
000639	3730.85107421875	3730.85107421875	3648	5472	-66.8	0.0	68.6	-13.136712839381028	-4.188968945531024	23.545730824891503
000582	3730.12744140625	3730.12744140625	3648	5472	-43.5	0.0	-3.2	-0.7800276971516811	-6.910096268336585	-20.154269175108496
000166	3721.400634765625	3721.400634765625	3648	5472	0.0	0.0	101.6	-19.3284627452801	6.018350704826824	-5.554269175108498
000344	3746.5859375	3746.5859375	3648	5472	-30.3	0.0	-1.3	2.4767352453291043	-34.92533893261128	17.145730824891505
000069	3715.46923828125	3715.46923828125	3648	5472	-6.3	0.0	-41.3	10.730776652876651	-14.424118307254275	6.445730824891502
000142	3716.084716796875	3716.084716796875	3648	5472	0.0	0.0	-29.2	7.593460855372988	-12.074053801001805	-5.054269175108498
000407	3706.63623046875	3706.63623046875	3648	5472	-37.9	0.0	-12.5	-0.5923250413978037	-3.9879765862992245	14.645730824891505
000358	3735.303466796875	3735.303466796875	3648	5472	-64.8	0.0	-137.1	2.3719142809143166	2.765366678365977	20.445730824891502
000580	3730.04443359375	3730.04443359375	3648	5472	-43.5	0.0	19.5	-2.9934564031470714	-5.982439225891689	-20.254269175108497
000533	3720.179931640625	3720.179931640625	3648	5472	-43.6	0.0	-56.5	7.420384382413908	-3.889026501601822	-16.054269175108494
000312	3745.21435546875	3745.21435546875	3648	5472	-30.3	0.0	-148.8	23.601815824178214	32.82454702387373	19.045730824891503
000482	3709.571533203125	3709.571533203125	3648	5472	-43.6	0.0	-22.9	2.783885043826685	-6.4277146070299995	-4.654269175108496
000031	3709.33544921875	3709.33544921875	3648	5472	0.0	0.0	-171.0	1.062871093833825	8.151961901246295	6.445730824891502
000515	3716.088134765625	3716.088134765625	3648	5472	-43.6	0.0	-177.8	-0.5240695306205627	8.489010626051885	-11.354269175108495
000513	3715.64599609375	3715.64599609375	3648	5472	-43.6	0.0	-153.0	4.049049689221614	6.837781092355222	-11.454269175108497
000425	3706.78125	3706.78125	3648	5472	-37.9	0.0	153.8	-4.102608452160747	5.99979756368052	11.545730824891503
000403	3705.67236328125	3705.67236328125	3648	5472	-37.9	0.0	39.2	-4.180614749234907	-2.8995256574602446	15.045730824891503
000670	3721.834716796875	3721.834716796875	3648	5472	-66.9	0.0	-64.5	10.309055103667443	-4.176600184766821	23.445730824891502
000678	3716.443359375	3716.443359375	3648	5472	-39.4	0.0	111.6	-7.6884604639816585	1.302760742428799	4.945730824891502
000528	3718.8984375	3718.8984375	3648	5472	-43.6	0.0	-5.6	-0.49725486551286585	-8.388163155583072	-11.254269175108497
000137	3714.35498046875	3714.35498046875	3648	5472	0.0	0.0	5.9	-3.042210339097539	-13.446986223168789	0.8457308248915041
000560	3726.383056640625	3726.383056640625	3648	5472	-43.6	0.0	-44.2	3.9417910287908295	-3.4994105446105372	-20.3542691751085
000487	3710.215576171875	3710.215576171875	3648	5472	-43.6	0.0	-76.2	5.128949377111578	-0.827758263445566	-7.954269175108497
000376	3720.28369140625	3720.28369140625	3648	5472	-64.8	0.0	20.6	-2.708245875492263	-5.348540248410116	20.445730824891502
000556	3725.526611328125	3725.526611328125	3648	5472	-43.6	0.0	-33.7	2.250029442154613	-5.948425134852298	-16.554269175108494
000553	3724.86572265625	3724.86572265625	3648	5472	-43.5	0.0	11.4	-2.952015557477528	-6.6719976275202875	-15.854269175108497
000690	3711.127685546875	3711.127685546875	3648	5472	-89.9	0.0	-98.4	12.858885969283483	4.2743554661067495	6.145730824891505
000547	3723.4833984375	3723.4833984375	3648	5472	-43.5	0.0	102.7	-8.566031317788761	2.0356098053158855	-15.854269175108497
000649	3729.5751953125	3729.5751953125	3648	5472	-66.9	0.0	-66.4	10.40656297780129	-3.691126332915129	23.245730824891506
000218	3734.72998046875	3734.72998046875	3648	5472	0.0	0.0	-9.2	4.663349286216761	-16.650495207280937	-11.554269175108496
000561	3726.62890625	3726.62890625	3648	5472	-43.6	0.0	-72.9	5.06069386633434	-1.0596725238797622	-20.254269175108497
000446	3708.2119140625	3708.2119140625	3648	5472	-43.5	0.0	-36.7	2.3036587723700057	-4.955832100165614	-8.254269175108497
000572	3729.100830078125	3729.100830078125	3648	5472	-43.6	0.0	97.0	-8.602596769193374	1.6614547982176875	-20.054269175108494
000362	3732.861572265625	3732.861572265625	3648	5472	-64.8	0.0	-163.8	0.004910676786590269	4.558836958726642	20.445730824891502
000332	3747.336669921875	3747.336669921875	3648	5472	-30.3	0.0	90.0	-33.78888023703992	4.0981006284033565	17.8457308248915
000664	3725.173095703125	3725.173095703125	3648	5472	-66.9	0.0	43.2	-8.946312019095528	-9.553918838136156	23.645730824891505
000159	3720.173583984375	3720.173583984375	3648	5472	0.0	0.0	147.4	-10.738019175881314	19.12923689607573	-5.554269175108498
000445	3707.981689453125	3707.981689453125	3648	5472	-37.9	0.0	-48.4	4.990000659541105	-4.383776923672611	11.145730824891505
000410	3707.398681640625	3707.398681640625	3648	5472	-37.9	0.0	-26.4	0.5509547630045183	-3.7560623258650283	14.645730824891505
000190	3725.5390625	3725.5390625	3648	5472	0.0	0.0	-94.0	20.41087069646156	2.870501143445481	-11.654269175108496
000149	3717.520751953125	3717.520751953125	3648	5472	0.0	0.0	-96.8	15.774371357876952	2.363381960610489	-5.054269175108498
000070	3715.3837890625	3715.3837890625	3648	5472	-6.3	0.0	-47.5	13.231853582542195	-11.628778421279717	6.645730824891505
000310	3745.306396484375	3745.306396484375	3648	5472	-30.3	0.0	-134.4	31.512141981813006	26.303118019642724	19.045730824891503
000156	3719.287841796875	3719.287841796875	3648	5472	0.0	0.0	-178.2	0.355939016969717	16.68022230583397	-5.154269175108496
000549	3723.907958984375	3723.907958984375	3648	5472	-43.6	0.0	63.2	-8.792737118730294	-2.639781685660647	-15.754269175108497
000691	3710.732177734375	3710.732177734375	3648	5472	-20.6	0.0	-173.4	5.277648883211901	14.388909412857409	6.145730824891505
000429	3706.230712890625	3706.230712890625	3648	5472	-37.9	0.0	113.8	-7.037595415581936	2.7189838265623822	11.245730824891506
000384	3710.86669921875	3710.86669921875	3648	5472	-37.9	0.0	-36.0	2.2524671381706107	-3.691126332915129	15.645730824891505
000439	3706.560791015625	3706.560791015625	3648	5472	-37.9	0.0	5.7	-1.6966016983795063	-6.863713415824879	11.045730824891503
000164	3721.077392578125	3721.077392578125	3648	5472	0.0	0.0	111.5	-18.526460492531587	8.476641865287682	-5.554269175108498
000581	3730.091552734375	3730.091552734375	3648	5472	-43.6	0.0	16.6	-2.678993514368568	-6.316395761568394	-20.3542691751085
000462	3708.896484375	3708.896484375	3648	5472	-43.5	0.0	148.8	-6.155149167509871	8.5013793875242	-5.854269175108495
000503	3713.4677734375	3713.4677734375	3648	5472	-43.6	0.0	34.8	-4.877796039802067	-5.877304761520296	-7.854269175108495
000514	3715.859619140625	3715.859619140625	3648	5472	-43.5	0.0	-164.1	1.6527937217372934	8.025182105183493	-11.454269175108497
000393	3707.15673828125	3707.15673828125	3648	5472	-37.9	0.0	-164.3	0.4826992522272773	4.837134071672544	15.245730824891506
000492	3711.131591796875	3711.131591796875	3648	5472	-43.6	0.0	-146.8	3.1544149588365795	6.85942642263041	-7.754269175108497
000430	3706.10009765625	3706.10009765625	3648	5472	-37.9	0.0	98.7	-7.354496000376412	1.6552704185436973	11.145730824891505
000356	3736.771240234375	3736.771240234375	3648	5472	-89.9	0.0	-112.4	-0.7946538777135285	-0.10109358094058107	20.745730824891506
000059	3713.83349609375	3713.83349609375	3648	5472	-6.3	0.0	19.2	-8.648913006894908	-17.037018975143337	6.945730824891502
000545	3723.05078125	3723.05078125	3648	5472	-43.6	0.0	133.5	-6.216091590239114	5.517415902373934	-15.954269175108497
000406	3706.32861328125	3706.32861328125	3648	5472	-37.9	0.0	-9.5	-0.6873952172827413	-3.9477781148777313	14.745730824891506
000020	3708.7216796875	3708.7216796875	3648	5472	0.0	0.0	-99.1	10.333432072759136	2.3973960516498805	4.045730824891503
000688	3711.914306640625	3711.914306640625	3648	5472	-89.9	0.0	-64.3	12.19827013458697	-4.479634818533018	6.045730824891503
000645	3730.154296875	3730.154296875	3648	5472	-66.8	0.0	-17.9	3.8881616985754377	-11.127843618826827	23.445730824891502
000078	3713.53955078125	3713.53955078125	3648	5472	-6.3	0.0	-107.2	16.3472301092023	5.764791113409329	6.445730824891502
000488	3710.384033203125	3710.384033203125	3648	5472	-43.6	0.0	-101.7	6.167408219331979	1.7325751715496884	-7.854269175108495
000420	3707.0478515625	3707.0478515625	3648	5472	-37.9	0.0	-171.6	0.6265233640626829	7.635566147484097	11.445730824891502
000303	3745.130859375	3745.130859375	3648	5472	-30.3	0.0	-78.3	41.10204124152571	-7.132733958551684	18.945730824891502
000450	3708.8818359375	3708.8818359375	3648	5472	-43.6	0.0	-72.3	5.082633137177111	-0.7102550390180817	-6.454269175108497
000015	3708.49462890625	3708.49462890625	3648	5472	0.0	0.0	-73.3	10.545511695371738	-2.9490006998089457	3.645730824891505
000573	3729.292724609375	3729.292724609375	3648	5472	-43.6	0.0	84.5	-8.407581023158599	0.17101915091510822	-20.154269175108496
000571	3728.9033203125	3728.9033203125	3648	5472	-43.5	0.0	111.2	-7.64458192229612	3.1487982556832717	-20.154269175108496
000537	3721.21630859375	3721.21630859375	3648	5472	-43.6	0.0	-118.8	4.734042493009998	3.538414213382668	-16.054269175108494
000566	3727.850830078125	3727.850830078125	3648	5472	-43.5	0.0	-173.7	0.4583222853685082	6.547115218645116	-20.254269175108497
000499	3712.69677734375	3712.69677734375	3648	5472	-43.6	0.0	76.3	-10.830651655750234	-1.7677840659465538	-7.754269175108497
000666	3724.158447265625	3724.158447265625	3648	5472	-66.9	0.0	8.4	-2.359655231325138	-12.101883512367205	23.645730824891505
000510	3714.947998046875	3714.947998046875	3648	5472	-43.6	0.0	-91.2	5.928513931611651	0.8389322208522954	-11.654269175108496
000327	3746.209228515625	3746.209228515625	3648	5472	-30.3	0.0	115.1	-29.128003931602336	18.82929445285464	17.8457308248915
000380	3714.478759765625	3714.478759765625	3648	5472	-37.9	0.0	-13.5	0.6630888154673014	-4.433251966021312	15.3457308248915
000548	3723.691162109375	3723.691162109375	3648	5472	-43.6	0.0	84.5	-8.946312019095528	-0.09490920055847951	-15.754269175108497
000066	3715.547119140625	3715.547119140625	3648	5472	-6.3	0.0	-13.8	3.6663312896658753	-18.38830606632702	6.645730824891505
000686	3712.69970703125	3712.69970703125	3648	5472	-39.5	0.0	5.1	4.273317796380102	-14.999265672876161	4.8457308248915005
000130	3712.34130859375	3712.34130859375	3648	5472	0.0	0.0	56.0	-10.57469348921917	-4.136401712637216	0.945730824891502
000138	3715.0576171875	3715.0576171875	3648	5472	0.0	0.0	-1.9	-1.0725513150874177	-13.83969437070518	0.7457308248915027
000082	3712.49169921875	3712.49169921875	3648	5472	-6.3	0.0	-160.2	5.5579840166017735	15.839146588030385	6.745730824891506
000521	3717.458984375	3717.458984375	3648	5472	-43.6	0.0	84.6	-9.17058012625399	-0.20932023585708004	-11.154269175108496
000157	3719.607421875	3719.607421875	3648	5472	0.0	0.0	175.7	-2.4010960769946816	18.167565762591444	-5.454269175108497
000644	3730.290283203125	3730.290283203125	3648	5472	-66.8	0.0	-1.4	1.0969988492224456	-12.018394378979114	23.445730824891502
000396	3706.865478515625	3706.865478515625	3648	5472	-37.9	0.0	151.1	-3.2055360257597143	4.3021851774721505	15.245730824891506
000465	3708.8447265625	3708.8447265625	3648	5472	-43.6	0.0	127.0	-9.37290896256968	7.0882484925195	-5.754269175108497
000584	3730.135498046875	3730.135498046875	3648	5472	-43.6	0.0	-24.3	2.2183393827819904	-5.800000007806194	-20.254269175108497
000381	3713.34130859375	3713.34130859375	3648	5472	-37.9	0.0	-20.2	1.301765381554168	-4.359039402852316	15.545730824891503
000318	3745.5810546875	3745.5810546875	3648	5472	-30.3	0.0	168.5	-4.027039851102584	38.59148163423435	18.545730824891503
000003	3709.113037109375	3709.113037109375	3648	5472	0.0	0.0	-11.0	4.558528321801976	-14.322076032719878	3.145730824891505
000485	3710.00390625	3710.00390625	3648	5472	-43.6	0.0	-58.8	7.410633593884056	-3.521055875593837	-7.854269175108495
000387	3709.27490234375	3709.27490234375	3648	5472	-37.9	0.0	-61.4	3.325053735779678	-2.4264205656646443	15.445730824891502
000322	3745.969970703125	3745.969970703125	3648	5472	-30.3	0.0	140.2	-16.84688739044217	32.72559693988444	17.745730824891506
000081	3712.677734375	3712.677734375	3648	5472	-6.3	0.0	-141.6	10.691773503223112	13.597308737402525	6.745730824891506
000359	3734.7470703125	3734.7470703125	3648	5472	-64.8	0.0	-149.5	1.062871093833825	4.079547487257051	20.445730824891502
000366	3729.748046875	3729.748046875	3648	5472	-64.8	0.0	117.8	-5.8601878535581555	2.1314676994681814	20.645730824891505
000179	3724.8173828125	3724.8173828125	3648	5472	0.0	0.0	-20.4	9.472925097762857	-18.96963781233101	-6.354269175108495
000608	3730.145263671875	3730.145263671875	3648	5472	-43.5	0.0	28.5	-4.7900389541980575	-5.274327684533009	-20.554269175108494
000326	3746.109619140625	3746.109619140625	3648	5472	-30.3	0.0	123.5	-26.76831341775898	23.244941972031576	17.745730824891506
000632	3730.96044921875	3730.96044921875	3648	5472	-66.8	0.0	174.0	-2.5424824928140883	12.03884490660494	23.3457308248915
000301	3744.6435546875	3744.6435546875	3648	5472	-30.3	0.0	-69.2	39.69305248429965	-12.389457195532206	18.945730824891502
000328	3746.39404296875	3746.39404296875	3648	5472	-30.3	0.0	109.1	-31.448691298024542	15.195971038913491	17.8457308248915
000350	3742.273681640625	3742.273681640625	3648	5472	-90.0	0.0	-58.8	-0.6410789773482715	-0.12273891192388087	33.845730824891504
000084	3712.0400390625	3712.0400390625	3648	5472	-6.3	0.0	174.9	-0.4996925637617936	16.20093283436438	6.645730824891505
000570	3728.717041015625	3728.717041015625	3648	5472	-43.5	0.0	139.3	-5.131316508084247	5.177274987023239	-20.254269175108497
000434	3705.982666015625	3705.982666015625	3648	5472	-37.9	0.0	62.9	-7.383748363733033	-2.9551850801910473	11.045730824891503
000206	3726.373291015625	3726.373291015625	3648	5472	0.0	0.0	130.6	-15.996131201743086	15.944281052401777	-11.654269175108496
000372	3724.823974609375	3724.823974609375	3648	5472	-64.8	0.0	67.6	-6.559806840141291	-3.0788726857087445	20.8457308248915
000169	3722.0771484375	3722.0771484375	3648	5472	0.0	0.0	59.5	-19.733120415678332	-9.006601183171558	-6.254269175108497
000508	3714.518798828125	3714.518798828125	3648	5472	-43.5	0.0	-55.0	6.274666879762758	-3.1499930590407454	-12.054269175108496
000360	3734.174560546875	3734.174560546875	3648	5472	-64.8	0.0	-152.7	0.897107708922719	4.240341374359247	20.3457308248915
000552	3724.634521484375	3724.634521484375	3648	5472	-43.5	0.0	20.9	-4.682780293767275	-6.829699324785487	-15.854269175108497
000635	3730.987060546875	3730.987060546875	3648	5472	-66.8	0.0	112.8	-13.241533803795782	4.52482286768725	23.445730824891502
000011	3708.408447265625	3708.408447265625	3648	5472	0.0	0.0	-52.2	10.33830746702406	-6.70601171926779	3.145730824891505
000202	3726.366455078125	3726.366455078125	3648	5472	0.0	0.0	-179.4	-2.1695148795552646	21.73595318358269	-11.554269175108496
000210	3727.35107421875	3727.35107421875	3648	5472	0.0	0.0	83.7	-21.72228101451364	0.40293341205741573	-11.654269175108496
000417	3706.931640625	3706.931640625	3648	5472	-37.9	0.0	-135.3	3.9637303018665295	5.628734747127428	11.3457308248915
000221	3738.655029296875	3738.655029296875	3648	5472	0.0	0.0	-41.5	13.712079856231648	-11.97201152717552	-11.654269175108496
000375	3721.50634765625	3721.50634765625	3648	5472	-64.8	0.0	32.4	-3.7832701691173227	-4.727010030276524	20.445730824891502
000060	3713.9404296875	3713.9404296875	3648	5472	-6.3	0.0	12.5	-6.62562465490253	-17.439003693606935	6.945730824891502
000631	3730.9306640625	3730.9306640625	3648	5472	-66.8	0.0	174.2	-2.432786136367304	12.20273098354413	23.3457308248915
000391	3707.5751953125	3707.5751953125	3648	5472	-37.9	0.0	-134.4	2.7692588632648376	3.3219609028415586	15.145730824891505
000578	3729.888671875	3729.888671875	3648	5472	-43.5	0.0	28.4	-4.273247229103844	-5.283604254752106	-20.3542691751085
000550	3724.13623046875	3724.13623046875	3648	5472	-43.5	0.0	54.6	-7.803032214693356	-4.0776501007775305	-15.854269175108497
000398	3706.371337890625	3706.371337890625	3648	5472	-37.9	0.0	120.7	-5.328769950135037	3.2446561498355675	15.3457308248915
